>chr10:102394300-102395450 9 scaledmin = 0.1 scaledmax = 0.9
0.01156175 0.01096101 0.01041804 0.00992488 0.01041804 0.01096101 0.007431645 0.006092891 0.006927441 0.009474977 0.009474977 0.009474977 0.008011101 0.00992488 0.01739159 0.02561927 0.01156175 0.01096101 0.01096101 0.01156175 0.01096101 0.01156175 0.01156175 0.01096101 0.01156175 0.01096101 0.01096101 0.01156175 0.01156175 0.01096101 0.01096101 0.01096101 0.01096101 0.01041804 0.01041804 0.01156175 0.01156175 0.01156175 0.01041804 0.009062879 0.01041804 0.00992488 0.01096101 0.01041804 0.009062879 0.008011101 0.007710952 0.01739159 0.009474977 0.008334517 0.007710952 0.007710952 0.01041804 0.009062879 0.01212529 0.009062879 0.007431645 0.008334517 0.01156175 0.01096101 0.01041804 0.009474977 0.00992488 0.01041804 0.01156175 0.01156175 0.00992488 0.01156175 0.01096101 0.01096101 0.01156175 0.01156175 0.01096101 0.01041804 0.009474977 0.01096101 0.01096101 0.01156175 0.01096101 0.01156175 0.01156175 0.01156175 0.01096101 0.01156175 0.01156175 0.01096101 0.01041804 0.00992488 0.01041804 0.01156175 0.01156175 0.01096101 0 0 0 0 0 0 0 0
>chr10:79331800-79332000 9 scaledmin = 0.1 scaledmax = 0.9
0.02047428 0.01028928 0.00895087 0.007615651 0.008576687 0.009802217 0.01082554 0.01028928 0.009357874 0.01082554 0.009357874 0.009802217 0.01028928 0.01028928 0.007615651 0.00823151 0.006841824 0.007082455 0.00823151 0.01082554 0.008576687 0.01028928 0.01082554 0.009802217 0.02047428 0.01924518 0.02186807 0.04847933 0.01082554 0.009802217 0.009802217 0.01028928 0.01082554 0.01028928 0.009802217 0.007912091 0.007615651 0.008576687 0.00823151 0.007082455 0.00895087 0.02346204 0.01815321 0.009357874 0.007912091 0.00823151 0.007912091 0.00823151 0.008576687 0.007615651 0.007082455 0.006841824 0.007339797 0.005672662 0.004954749 0.003027491 0.004469768 0.005780745 0.004537207 0.005020932 0.007766225 0.02065588 0.01197543 0.0257475 0.02186807 0.00895087 0.01082554 0.00823151 0.009357874 0.00895087 0.00895087 0.01082554 0.01028928 0.01028928 0.009802217 0.01028928 0.008576687 0.00823151 0.01028928 0.02186807 0.009802217 0.01028928 0.01028928 0.01082554 0.00823151 0.009802217 0.01082554 0.01028928 0.01082554 0.01082554 0.01028928 0.01028928 0 0 0 0 0 0 0 0
>chr11:102317150-102317400 9 scaledmin = 0.1 scaledmax = 0.9
0.008587774 0.009814887 0.00824215 0.00824215 0.01083954 0.01083954 0.01083954 0.01143361 0.01030258 0.01083954 0.01143361 0.01030258 0.01083954 0.01143361 0.01143361 0.01143361 0.01143361 0.01143361 0.01083954 0.01143361 0.01083954 0.01030258 0.01143361 0.01083954 0.01143361 0.01143361 0.01143361 0.01143361 0.01083954 0.01143361 0.01143361 0.01143361 0.01143361 0.01083954 0.01143361 0.01143361 0.01143361 0.009369971 0.01030258 0.02050074 0.009369971 0.009814887 0.009369971 0.00824215 0.009369971 0.009369971 0.00896244 0.009369971 0.00896244 0.009369971 0.00896244 0.01030258 0.01143361 0.01030258 0.01030258 0.00896244 0.00824215 0.006850668 0.01827481 0.01028187 0.007324196 0.009168801 0.007922318 0.00824215 0.01083954 0.01083954 0.01817668 0.01817668 0.01143361 0.009814887 0.00896244 0.00896244 0.009814887 0.009814887 0.00896244 0.009814887 0.009814887 0.009814887 0.009814887 0.008587774 0.00709161 0.007349284 0.00896244 0.009814887 0.01030258 0.02050074 0.02189634 0.01143361 0.01083954 0.01030258 0.01083954 0.01083954 0 0 0 0 0 0 0 0
>chr11:34234100-34234500 9 scaledmin = 0.1 scaledmax = 0.9
0.01009245 0.008830632 0.007292158 0.009634949 0.01009245 0.01059394 0.01114608 0.01114608 0.008830632 0.01114608 0.01114608 0.01175695 0.01175695 0.009215894 0.01009245 0.01114608 0.01869071 0.009634949 0.008475235 0.01114608 0.01175695 0.01114608 0.01009245 0.01114608 0.009634949 0.009634949 0.01009245 0.01114608 0.009634949 0.009634949 0.01009245 0.008830632 0.009634949 0.009215894 0.01059394 0.01059394 0.01059394 0.01009245 0.01009245 0.009634949 0.01009245 0.009634949 0.007841141 0.009634949 0.01114608 0.01114608 0.01009245 0.01009245 0.009215894 0.01009245 0.008830632 0.008475235 0.006013232 0.009634949 0.009634949 0.01391854 0.01009245 0.01114608 0.01059394 0.01114608 0.01114608 0.01009245 0.009215894 0.009634949 0.009634949 0.01114608 0.01059394 0.01059394 0.01114608 0.01114608 0.01114608 0.01059394 0.01114608 0.008146358 0.02251556 0.009634949 0.008475235 0.009215894 0.01059394 0.02605181 0.02605181 0.01059394 0.009634949 0.01114608 0.01009245 0.01059394 0.01059394 0.009634949 0.01009245 0.01009245 0.01059394 0.01059394 0 0 0 0 0 0 0 0
>chr11:442100-442250 9 scaledmin = 0.1 scaledmax = 0.9
0.01006883 0.007620539 0.007620539 0.01519522 0.01668137 0.007118996 0.01054693 0.01054693 0.009228294 0.008856892 0.008194244 0.01753632 0.009630905 0.009228294 0.008856892 0.01006883 0.01054693 0.007620539 0.011071 0.01164801 0.011071 0.01054693 0.011071 0.01054693 0.01668137 0.01394756 0.02070732 0.01054693 0.009228294 0.02070732 0.008856892 0.008856892 0.008513205 0.008856892 0.007118996 0.005331182 0.007407935 0.01659054 0.0068759 0.01348317 0.01700103 0.01659054 0.009228294 0.01164801 0.01164801 0.01006883 0.01006883 0.009630905 0.01006883 0.009630905 0.01753632 0.01054693 0.008513205 0.008194244 0.007118996 0.003554515 0.01164801 0.01054693 0.011071 0.02352948 0.02352948 0.009630905 0.01054693 0.01590441 0.008574425 0.005616874 0.007620539 0.01117283 0.007560949 0.009506963 0.006168781 0.01151354 0.01047265 0.008513205 0.005616874 0.007620539 0.008513205 0.01006883 0.01054693 0.01054693 0.01006883 0.009228294 0.01054693 0.009630905 0.01054693 0.011071 0.011071 0.01006883 0.009630905 0.011071 0.01006883 0.009630905 0 0 0 0 0 0 0 0
>chr11:58577550-58577750 9 scaledmin = 0.1 scaledmax = 0.9
0.01062684 0.01062684 0.01010042 0.009186112 0.01010042 0.009622299 0.01010042 0.008786578 0.02344273 0.01937308 0.00952099 0.004863805 0.006716243 0.005907136 0.008419264 0.007475867 0.008786578 0.008786578 0.01010042 0.009186112 0.009622299 0.01889194 0.008419264 0.01599894 0.008786578 0.007766866 0.008419264 0.008786578 0.008419264 0.01010042 0.01062684 0.01010042 0.01062684 0.01010042 0.01062684 0.01062684 0.009622299 0.01062684 0.01062684 0.01010042 0.01062684 0.01010042 0.01062684 0.01010042 0.01010042 0.01010042 0.01010042 0.01010042 0.01062684 0.01062684 0.02303139 0.02303139 0.009622299 0.01010042 0.009622299 0.01010042 0.009622299 0.01062684 0.02009848 0.02303139 0.009622299 0.008786578 0.01010042 0.01010042 0.01010042 0.01010042 0.009186112 0.01062684 0.009622299 0.01010042 0.008786578 0.01010042 0.01062684 0.01010042 0.01062684 0.009622299 0.01010042 0.01010042 0.01010042 0.01062684 0.009622299 0.01062684 0.01062684 0.008786578 0.01062684 0.01062684 0.01062684 0.01062684 0.01062684 0.01062684 0.01010042 0.01062684 0 0 0 0 0 0 0 0
>chr11:62004600-62004750 9 scaledmin = 0.1 scaledmax = 0.9
0.01096912 0.01096912 0.01042575 0.009481987 0.008690439 0.01042575 0.01096912 0.01096912 0.0221581 0.009069584 0.008340683 0.008340683 0.006287659 0.00986227 0.006489521 0.005434426 0.008690439 0.009069584 0.009481987 0.0221581 0.009932222 0.02074583 0.01950043 0.0221581 0.04912231 0.01042575 0.01096912 0.01096912 0.009932222 0.009481987 0.008690439 0.01040479 0.01849328 0.01243676 0.01213426 0.00986227 0.007716656 0.008690439 0.007176389 0.006097399 0.006097399 0.005917767 0.009010861 0.005020463 0.00466194 0.006932566 0.009069584 0.01042575 0.009069584 0.008340683 0.009932222 0.008690439 0.009932222 0.009481987 0.009932222 0.009932222 0.009932222 0.01096912 0.01042575 0.009932222 0.008690439 0.01042575 0.009481987 0.009932222 0.009932222 0.01042575 0.009932222 0.01096912 0.01096912 0.0115703 0.01096912 0.009481987 0.008690439 0.009069584 0.007716656 0.009069584 0.008690439 0.008017028 0.009069584 0.009932222 0.008690439 0.009481987 0.01839398 0.009932222 0.009069584 0.01950043 0.008340683 0.01096912 0.009932222 0.01042575 0.009481987 0.0112722 0 0 0 0 0 0 0 0
>chr11:96156250-96156450 9 scaledmin = 0.1 scaledmax = 0.9
0.008340554 0.009932069 0.009932069 0.00948184 0.00948184 0.01096895 0.01042559 0.008340554 0.01096895 0.008340554 0.009069444 0.008690304 0.00948184 0.01042559 0.009932069 0.01839369 0.03680977 0.01950013 0.009932069 0.01042559 0.01950013 0.01950013 0.008340554 0.009932069 0.01042559 0.00948184 0.01042559 0.008340554 0.005857324 0.01226302 0.006703974 0.007176278 0.006703974 0.00948184 0.009932069 0.01042559 0.007176278 0.009932069 0.009069444 0.009932069 0.009932069 0.01096895 0.01096895 0.01096895 0.01096895 0.00948184 0.009069444 0.009932069 0.01042559 0.00948184 0.00948184 0.009932069 0.009932069 0.01096895 0.01042559 0.009932069 0.009932069 0.01096895 0.01096895 0.01096895 0.01042559 0.01042559 0.01042559 0.01042559 0.008016904 0.009069444 0.01839369 0.01839369 0.02074551 0.01313445 0.01261497 0.01497722 0.006932459 0.006287562 0.008690304 0.008016904 0.006287562 0.008340554 0.008690304 0.01042559 0.01042559 0.01096895 0.01042559 0.009069444 0.008690304 0.008690304 0.01096895 0.00948184 0.007716537 0.009069444 0.01497722 0.009069444 0 0 0 0 0 0 0 0
>chr12:104671750-104671950 9 scaledmin = 0.1 scaledmax = 0.9
0.01174519 0.01113493 0.01058334 0.01058334 0.008821803 0.01008236 0.01058334 0.008821803 0.008821803 0.009206679 0.009625316 0.02249304 0.009206679 0.01058334 0.009206679 0.01113493 0.01113493 0.009625316 0.01058334 0.01058334 0.009625316 0.00846676 0.009625316 0.01113493 0.01058334 0.009625316 0.01113493 0.00846676 0.006007219 0.007037358 0.006382703 0.01100638 0.005897056 0.009088197 0.007227901 0.01068069 0.007833301 0.009625316 0.01594659 0.008138213 0.008138213 0.009206679 0.01058334 0.01113493 0.01058334 0.01008236 0.01113493 0.01058334 0.01058334 0.01008236 0.01008236 0.01058334 0.01113493 0.02105942 0.01113493 0.01008236 0.01058334 0.01008236 0.01113493 0.01113493 0.01008236 0.01058334 0.01113493 0.01008236 0.01113493 0.009625316 0.01058334 0.01058334 0.01008236 0.01113493 0.01058334 0.01058334 0.008821803 0.009206679 0.01008236 0.01058334 0.01113493 0.01058334 0.01058334 0.01113493 0.01008236 0.01008236 0.01113493 0.01113493 0.01113493 0.02602576 0.02602576 0.01113493 0.01058334 0.01113493 0.01113493 0.01008236 0 0 0 0 0 0 0 0
>chr12:104930750-104930900 9 scaledmin = 0.1 scaledmax = 0.9
0.006535906 0.005234905 0.007027955 0.007596289 0.007914829 0.007914829 0.008260136 0.008260136 0.007914829 0.008260136 0.009045785 0.007301519 0.006535906 0.009912967 0.007101376 0.008919229 0.01821235 0.02203817 0.02810496 0.009874812 0.03564378 0.008450326 0.01430711 0.009045785 0.009045785 0.009045785 0.009495264 0.008635732 0.008635732 0.009495264 0.008635732 0.009495264 0.01430711 0.01303248 0.008635732 0.007914829 0.009045785 0.008635732 0.007596289 0.008635732 0.008260136 0.01675234 0.01364073 0.02810496 0.009874812 0.03564378 0.008450326 0.01430711 0.008635732 0.008635732 0.008635732 0.009495264 0.009045785 0.02165148 0.007914829 0.007914829 0.007301519 0.01430711 0.01303248 0.009495264 0.009495264 0.009990143 0.009990143 0.009990143 0.009990143 0.009495264 0.009495264 0.009495264 0.009045785 0.009990143 0.009495264 0.009990143 0.009495264 0.009990143 0.008260136 0.01504038 0.009045785 0.009495264 0.009045785 0.007914829 0.009495264 0.009045785 0.009495264 0.008635732 0.009495264 0.007027955 0.009495264 0.009045785 0.009990143 0.009495264 0.009990143 0.009990143 0 0 0 0 0 0 0 0
>chr12:111404600-111404800 9 scaledmin = 0.1 scaledmax = 0.9
0.01015929 0.0112199 0.0112199 0.0112199 0.0112199 0.0112199 0.0106641 0.0106641 0.0106641 0.009698761 0.009698761 0.01015929 0.008200311 0.01241167 0.01272109 0.01891607 0.01064266 0.007581201 0.007709908 0.02152285 0.007607169 0.005558667 0.007091057 0.006637882 0.007893073 0.01015929 0.009698761 0.007893073 0.007893073 0.01869537 0.01394375 0.006236796 0.006236796 0.009490533 0.0174457 0.008200311 0.009698761 0.007607169 0.008531366 0.005879304 0.006857344 0.006431406 0.007893073 0.008531366 0.009698761 0.009276931 0.009698761 0.0112199 0.0106641 0.0106641 0.0106641 0.0112199 0.0106641 0.0112199 0.0112199 0.0106641 0.009698761 0.009276931 0.008889117 0.0106641 0.01015929 0.009276931 0.01606827 0.01463674 0.01780235 0.008531366 0.008200311 0.0112199 0.01183482 0.01183482 0.02622435 0.02622435 0.01183482 0.01183482 0.0106641 0.01183482 0.0112199 0.01183482 0.0112199 0.01183482 0.0112199 0.0106641 0.01015929 0.008531366 0.007893073 0.007607169 0.01015929 0.008889117 0.009698761 0.01015929 0.0106641 0.01015929 0 0 0 0 0 0 0 0
>chr12:11746150-11746350 9 scaledmin = 0.1 scaledmax = 0.9
0.01147236 0.01147236 0.01087627 0.01087627 0.01147236 0.009848148 0.01087627 0.01147236 0.009401723 0.009848148 0.0103375 0.008270081 0.007949165 0.009848148 0.01087627 0.01087627 0.009848148 0.01087627 0.007949165 0.007115642 0.02042225 0.01587463 0.01258984 0.02500159 0.01358162 0.005388425 0.007949165 0.01087627 0.0103375 0.01087627 0.008992812 0.01087627 0.008992812 0.008992812 0.008616876 0.007949165 0.008616876 0.01087627 0.008992812 0.01147236 0.02357197 0.009848148 0.01147236 0.01087627 0.009401723 0.009848148 0.01147236 0.01087627 0.01087627 0.009848148 0.008992812 0.0103375 0.0103375 0.0103375 0.0103375 0.01087627 0.01087627 0.01087627 0.01087627 0.0103375 0.009401723 0.0103375 0.009401723 0.0103375 0.008992812 0.009401723 0.008616876 0.02197054 0.009848148 0.008270081 0.009401723 0.007651337 0.008616876 0.008616876 0.009401723 0.009848148 0.007949165 0.008992812 0.009401723 0.009848148 0.009401723 0.01087627 0.009848148 0.01087627 0.0103375 0.01087627 0.01087627 0.0103375 0.02357197 0.01087627 0.01087627 0.009401723 0 0 0 0 0 0 0 0
>chr12:45727550-45727750 9 scaledmin = 0.1 scaledmax = 0.9
0.009435724 0.009883764 0.006671369 0.005888894 0.00606765 0.007679007 0.006671369 0.007400858 0.007977913 0.007400858 0.008648039 0.01563248 0.007593725 0.006282572 0.01363074 0.01731954 0.009435724 0.009883764 0.0109156 0.007679007 0.0109156 0.0109156 0.01037488 0.01037488 0.01037488 0.0109156 0.009435724 0.01037488 0.01037488 0.0109156 0.0109156 0.0109156 0.0109156 0.01037488 0.0109156 0.009883764 0.009883764 0.01037488 0.009883764 0.01643368 0.007141376 0.006457859 0.01731954  0.02205 0.009883764 0.01037488 0.0109156 0.0109156 0.01037488 0.0109156 0.01037488 0.0109156 0.009435724 0.01037488 0.0109156 0.01037488 0.0109156 0.0109156 0.0109156 0.009435724 0.009883764 0.009025334 0.02064461 0.00829999 0.01490437 0.009883764 0.01563248 0.01037488 0.01037488 0.0109156 0.01037488  0.02205 0.0109156 0.01037488  0.02205 0.01731954 0.009025334 0.009025334 0.007977913 0.008648039 0.007400858 0.009025334 0.009883764 0.01037488 0.01037488 0.0109156 0.01037488 0.009435724 0.01037488 0.0109156 0.01037488 0.009883764 0 0 0 0 0 0 0 0
>chr12:89960300-89960450 9 scaledmin = 0.1 scaledmax = 0.9
0.01040445 0.009889047 0.007319415 0.009420928 0.009420928 0.009889047 0.008993869 0.009420928 0.009420928 0.009420928 0.01040445 0.008993869 0.008993869 0.0124585 0.005576202 0.005193815 0.009780146 0.00680696 0.008602697 0.01420643 0.01744709 0.01849658 0.01744709 0.009889047 0.009420928 0.009889047 0.01967786 0.008243069 0.009420928 0.009420928 0.008993869 0.008243069 0.009420928 0.009889047 0.009889047 0.009889047 0.009889047 0.009889047 0.008602697 0.008602697 0.008993869 0.008993869 0.008602697 0.007911318 0.007319415 0.008993869 0.008602697 0.007911318 0.006155451 0.02474597 0.01150961 0.0198524 0.007464133 0.00680696 0.005908885 0.005034791 0.01005395 0.008166331 0.003629301 0.02163591 0.006358962 0.01357296 0.007054291 0.008243069 0.009420928 0.009889047 0.01040445 0.02638407 0.02431841 0.02431841 0.02431841 0.02431841 0.02638407 0.01097468 0.01040445 0.009420928 0.008993869 0.00394622 0.004825627 0.00680696 0.009420928 0.01040445 0.007604324 0.006358962 0.004530131 0.009889047 0.009889047 0.009420928 0.01040445 0.01097468 0.01097468 0.01040445 0 0 0 0 0 0 0 0
>chr14:35156150-35156300 9 scaledmin = 0.1 scaledmax = 0.9
0.009824074 0.01136486 0.01136486 0.01136486 0.01080188 0.01136486 0.01080188 0.009824074 0.009396793 0.008306263 0.009396793 0.01136486 0.01080188 0.01136486 0.01136486 0.01136486 0.01136486 0.01136486 0.01136486 0.01136486 0.01136486 0.01136486 0.008641595 0.01307029 0.007182677 0.009396793 0.01136486 0.01136486 0.01136486 0.01080188 0.02020396 0.01080188 0.01080188 0.01029055 0.01029055 0.01080188 0.009003969 0.008641595 0.01029055 0.009396793 0.01029055 0.01029055 0.009824074 0.008306263 0.01029055 0.01029055 0.01136486 0.01029055 0.01080188 0.01080188 0.009003969 0.007705458 0.007995055 0.007182677 0.0155178 0.02180093 0.007809524 0.007679154 0.01078017 0.01916048 0.009906701 0.005630487 0.007705458 0.009003969 0.01080188 0.01080188 0.01136486 0.01029055 0.01029055 0.01136486 0.01080188 0.01029055 0.01080188 0.01080188 0.01136486 0.01080188 0.01080188 0.01136486 0.01080188 0.01136486 0.01136486 0.01136486 0.01029055 0.01080188 0.01136486 0.01029055 0.01029055 0.01136486 0.01136486 0.01080188 0.01029055 0.009824074 0 0 0 0 0 0 0 0
>chr14:35404850-35404950 9 scaledmin = 0.1 scaledmax = 0.9
0.008494204 0.009236522 0.01011504 0.01061765 0.01117102 0.01011504 0.01061765 0.01061765 0.01117102 0.01061765 0.01117102 0.01117102 0.01061765 0.009656515 0.005689852 0.008164592 0.01061765 0.01011504 0.01061765 0.01061765 0.009236522 0.008850397 0.009656515 0.008494204 0.00524651 0.006403392 0.01235761 0.01011504 0.009236522 0.008164592 0.009236522 0.009656515 0.008850397 0.008850397 0.01061765 0.01061765 0.01061765 0.009656515 0.009656515 0.01985936 0.01985936 0.009656515 0.009656515 0.01011504 0.01061765 0.01394969 0.01772481 0.01457298 0.01772481 0.02358847 0.01599828 0.007858691 0.01681822 0.01011504 0.01178327 0.01178327 0.01178327 0.01178327 0.01178327 0.01117102 0.01178327 0.01117102 0.01117102 0.01061765 0.009656515 0.008494204 0.00730848 0.005987042 0.003603524 0.006403392 0.007858691 0.009656515 0.01061765 0.01061765 0.01061765 0.01178327 0.01117102 0.01178327 0.01178327 0.01117102 0.009656515 0.009656515 0.01117102 0.01117102 0.01117102 0.009656515 0.01117102 0.01117102 0.009656515 0.01011504 0.01178327 0.01061765 0 0 0 0 0 0 0 0
>chr14:68795700-68795900 9 scaledmin = 0.1 scaledmax = 0.9
0.0123649 0.01114175 0.01172244 0.01114175 0.01061433 0.0123649 0.01114175 0.01114175 0.01114175 0.0123649 0.01172244 0.01172244 0.01114175 0.01172244 0.01061433 0.009692449 0.0123649 0.0123649 0.01013317 0.009692449 0.01013317 0.01114175 0.01114175 0.0123649 0.0123649 0.01172244 0.01172244 0.01114175 0.01061433 0.01114175 0.01114175 0.01114175 0.01061433 0.01114175 0.01172244 0.01061433 0.01114175 0.01061433 0.01061433 0.01114175 0.01114175 0.01013317 0.01114175 0.02540586 0.01172244 0.01114175 0.01172244 0.01061433 0.01600604 0.01255419 0.003633032 0.004913114 0.006259679 0.0131054 0.009915618 0.007669236 0.006719472 0.008246607 0.01114175 0.01061433 0.01013317 0.01013317 0.008246607 0.00891349 0.00891349 0.00891349 0.009692449 0.008246607 0.009692449 0.01013317 0.009692449 0.01172244 0.01114175 0.01114175 0.01061433 0.02083964 0.007408668 0.006142641 0.007947898 0.007947898 0.006719472 0.009692449 0.01172244 0.01061433 0.01114175 0.01172244 0.01172244 0.01013317 0.01114175 0.01013317 0.00891349 0.009692449 0 0 0 0 0 0 0 0
>chr14:76961850-76962000 9 scaledmin = 0.1 scaledmax = 0.9
0.009597577 0.01051043 0.01051043 0.01003399 0.0116077 0.0116077 0.01224387 0.01224387 0.01224387 0.01051043 0.0116077 0.01224387 0.01224387 0.01103269 0.01003399 0.01224387 0.008826243 0.01051043 0.00919636 0.01103269 0.0116077 0.01103269 0.01103269 0.01103269 0.01103269 0.00919636 0.01051043 0.01103269 0.01003399 0.01003399 0.009597577 0.01103269 0.01003399 0.00919636 0.01003399 0.0116077 0.0116077 0.0116077 0.01103269 0.0116077 0.0116077 0.0116077 0.01103269 0.01003399 0.01003399 0.00919636 0.008483746 0.01192842 0.008483746 0.01103269 0.01103269 0.009597577 0.01103269 0.0116077 0.01103269 0.01051043 0.01003399 0.009597577 0.01051043 0.008826243 0.0066537 0.0138993 0.009597577 0.01003399 0.008165888 0.01003399 0.01103269 0.01103269 0.01003399 0.01003399 0.01841767 0.01003399 0.008483746 0.008165888 0.007870103 0.0066537 0.007734499 0.005180359 0.007870103 0.008483746 0.01103269 0.01103269 0.0116077 0.01051043 0.01051043 0.01051043 0.01003399 0.00919636 0.008483746 0.03895328 0.0116077 0.01051043 0 0 0 0 0 0 0 0
>chr14:77034000-77034150 9 scaledmin = 0.1 scaledmax = 0.9
0.008343768 0.01173161 0.008343768 0.009868432 0.009044624 0.01634937 0.01085066 0.01033702 0.009868432 0.009439222 0.009868432 0.01033702 0.01033702 0.01085066 0.01141618 0.01085066 0.01141618 0.02474211 0.02474211 0.008680614 0.005982157 0.004851941 0.003547832 0.007844785 0.007713827 0.01082884 0.01924699 0.009951432 0.006754006 0.008031155 0.01033702 0.01141618 0.01141618 0.01085066 0.01141618 0.01033702 0.01141618 0.01141618 0.01141618 0.01141618 0.01141618 0.01141618 0.01141618 0.01141618 0.01141618 0.01085066 0.01033702 0.01141618 0.01141618 0.01141618 0.01141618 0.01141618 0.01033702 0.01141618 0.02306117 0.01085066 0.01085066 0.009439222 0.009439222 0.009439222 0.009439222 0.01033702 0.01033702 0.01033702 0.01085066 0.009868432 0.009868432 0.01425583 0.00774025 0.00774025 0.006543918 0.0171873 0.01489279 0.01515504 0.01216414 0.01425583 0.006977307 0.008031155 0.008031155 0.009439222 0.009868432 0.008343768 0.008343768 0.009439222 0.009868432 0.009439222 0.01085066 0.009439222 0.009868432 0.009439222 0.007215108 0.005505082 0 0 0 0 0 0 0 0
>chr14:93959450-93959600 9 scaledmin = 0.1 scaledmax = 0.9
0.01140344 0.01083855 0.01083855 0.00942869 0.01487618 0.008334459 0.01716812 0.00674647 0.008334459 0.01633112 0.009857421 0.007207058 0.008334459 0.008022194 0.009034533 0.009857421 0.008022194 0.007731614 0.008670929 0.005808231 0.007977409 0.01417185 0.008334459 0.008334459 0.01633112 0.01032548 0.01032548 0.01083855 0.01083855 0.00942869 0.008670929 0.008334459 0.008334459 0.006969522 0.007731614 0.01032548 0.007731614 0.008334459 0.00674647 0.007252395 0.003610041 0.00673153 0.01320007 0.01664407 0.01664407 0.01221255 0.009857421 0.009857421 0.009034533 0.009034533 0.009034533 0.02027254 0.01083855 0.00942869 0.009857421 0.009857421 0.01032548 0.01032548 0.01083855 0.01032548 0.01140344 0.01032548 0.009857421 0.00942869 0.006338822 0.008334459 0.00942869 0.01423992 0.008670929 0.01716812 0.00942869 0.01633112 0.01513813 0.01463943 0.005975483 0.009857421 0.008022194 0.00942869 0.008334459 0.02665335 0.01083855 0.01032548 0.01032548 0.01083855 0.009857421 0.009857421 0.01140344 0.01083855 0.02027254 0.02027254 0.01809358 0.01083855 0 0 0 0 0 0 0 0
>chr15:73988100-73988300 9 scaledmin = 0.1 scaledmax = 0.9
0.009185527 0.00875071 0.007348497 0.007063343 0.006798703 0.00655244 0.01454976 0.007656646 0.008354033 0.007348497 0.007063343 0.00655244 0.007656646 0.007990689 0.009185527 0.00875071 0.009664263 0.007656646 0.009185527 0.009664263 0.009185527 0.00875071 0.009185527 0.009185527 0.00875071 0.00875071 0.008354033 0.01533406 0.02258836 0.008354033 0.008354033 0.009664263 0.009185527 0.00875071 0.009664263 0.00875071 0.00875071 0.009185527 0.008354033 0.00875071 0.007990689 0.009664263 0.01718071 0.009664263 0.008354033 0.00655244 0.007656646 0.007656646 0.007990689 0.00655244 0.02097654 0.01814647 0.01410562 0.01118688 0.02221552 0.1153183 0.01296626 0.00868908 0.01282936 0.01260736 0.01533406 0.005717544 0.007990689 0.007348497 0.007656646 0.007348497 0.008354033 0.007656646 0.009185527 0.007990689 0.007063343 0.01206814 0.01937441 0.01260736 0.00655244 0.006107886 0.004922398 0.007656646 0.008354033 0.008354033 0.02094521 0.009664263 0.007656646 0.007990689 0.007348497 0.007656646 0.005906577 0.006798703 0.007348497 0.007990689 0.00875071 0.008354033 0 0 0 0 0 0 0 0
>chr17:21287900-21288050 9 scaledmin = 0.1 scaledmax = 0.9
0.008853026 0.01117434 0.009659383 0.0106208 0.01117434 0.01011804 0.0106208 0.01117434 0.01117434 0.01117434 0.01117434 0.01117434 0.01011804 0.009659383 0.009239265 0.01117434 0.009659383 0.009239265 0.007861026 0.007861026 0.009239265 0.009659383 0.01117434 0.0106208 0.01117434 0.0106208 0.008853026 0.008496727 0.01395384 0.01773007 0.01525766 0.0119672 0.004105848 0.006346121 0.005407348 0.01079791 0.005248069 0.007627115 0.01076799 0.003897856 0.02098193 0.03233015 0.01457731 0.008496727 0.008496727 0.01011804 0.007576283 0.009239265 0.008496727 0.01011804 0.01011804 0.01117434 0.01117434 0.009659383 0.01117434 0.0106208 0.01011804 0.01011804 0.0106208 0.01600303 0.008921648 0.01004678 0.006829502 0.008167017 0.01117434 0.008853026 0.0106208 0.01986526 0.009239265 0.008853026 0.008853026 0.009239265 0.01011804 0.01873811 0.01873811 0.008853026 0.009239265 0.01682321 0.009659383 0.01011804 0.02421798 0.0106208 0.008853026 0.0106208 0.007576283 0.009239265 0.009659383 0.009239265 0.008167017 0.0106208 0.008496727 0.007861026 0 0 0 0 0 0 0 0
>chr17:72422750-72423000 9 scaledmin = 0.1 scaledmax = 0.9
0.02078201 0.009665643 0.008888839 0.008543912 0.008888839 0.01010515 0.009665643 0.00926158 0.008543912 0.01058497 0.01169002 0.01058497 0.01169002 0.01058497 0.01169002 0.01169002 0.01111094 0.00926158 0.00926158 0.009665643 0.00926158 0.005089872 0.01111094 0.01111094 0.01058497 0.02361435 0.01169002 0.009665643 0.009665643 0.00926158 0.009665643 0.01010515 0.01596178 0.04490137 0.04490137 0.0082238 0.00926158 0.00926158 0.007388179 0.004688768 0.002876327 0.008543912 0.008543912 0.007144674 0.00926158 0.007648026 0.005637134 0.005124357 0.002979152 0.005221553 0.01085798 0.006700888 0.005350411 0.004740816 0.004968326 0.01344424 0.008888839 0.008888839 0.00926158 0.01010515 0.01058497 0.01058497 0.01169002 0.01111094 0.01111094 0.01111094 0.01169002 0.01111094 0.01169002 0.01169002 0.01058497 0.01111094 0.01169002 0.01169002 0.01111094 0.01010515 0.009665643 0.01111094 0.009665643 0.01010515 0.01010515 0.01010515 0.01058497 0.01010515 0.01111094 0.01169002 0.01111094 0.01111094 0.01169002 0.01111094 0.01169002 0.01111094 0 0 0 0 0 0 0 0
>chr17:7687450-7687650 9 scaledmin = 0.1 scaledmax = 0.9
0.01171638 0.01113599 0.01113599 0.01171638 0.01113599 0.01113599 0.01012794 0.01113599 0.01171638 0.01060885 0.01012794 0.01060885 0.01171638 0.01113599 0.01113599 0.01060885 0.01060885 0.01113599 0.008908885 0.009282468 0.008563181 0.009282468 0.009687442 0.01012794 0.005649848 0.004644652 0.006549242 0.01456077 0.00862476 0.006972673 0.006468778 0.003988066 0.003061113 0.004086932 0.005649848 0.01113599 0.01113599 0.01060885 0.009687442 0.01060885 0.01171638 0.01171638 0.01171638 0.01060885 0.01171638 0.01171638 0.01171638 0.01113599 0.01171638 0.01113599 0.008242347 0.008908885 0.01113599 0.01060885 0.01171638 0.01171638 0.01171638 0.01171638 0.01171638 0.01060885 0.01060885 0.008908885 0.02082888 0.02082888 0.01012794 0.009282468 0.01113599 0.01235852 0.01235852 0.01060885 0.01060885 0.009687442 0.01859012 0.009687442 0.01113599 0.01113599 0.009687442 0.01060885 0.01171638 0.01235852 0.01235852 0.01235852 0.01235852 0.01235852 0.01235852 0.01235852 0.01171638 0.01060885 0.01012794 0.01060885 0.01171638 0.01235852 0 0 0 0 0 0 0 0
>chr17:7842600-7842800 9 scaledmin = 0.1 scaledmax = 0.9
0.008548053 0.01068496 0.01124184 0.01124184 0.01124184 0.01124184 0.01068496 0.009717732 0.01124184 0.01017916 0.01692484 0.01083304 0.007673188 0.007354812 0.007908512 0.01068496 0.01017916 0.01124184 0.01017916 0.01068496 0.01017916 0.01068496 0.01068496 0.006650866 0.007149622 0.01397102 0.007864361 0.01694263 0.03162633 0.02479941 0.009295077 0.01068496 0.01068496 0.01068496 0.01017916 0.009295077 0.01068496 0.01068496 0.01068496 0.009717732 0.01017916 0.009717732 0.01124184 0.01124184 0.009717732 0.01068496 0.007104927 0.01068496 0.01998526 0.01124184 0.01068496 0.01124184 0.01124184 0.01068496 0.01124184 0.01124184 0.01017916 0.008216351 0.01346122 0.008548053 0.009295077 0.01346122 0.009717732 0.01692484 0.008906505 0.008906505 0.008906505 0.01068496 0.01068496 0.009717732 0.01017916 0.01068496 0.01124184 0.01017916 0.01124184 0.009295077 0.009295077 0.01017916 0.009295077 0.01017916 0.007908512 0.006870758 0.008216351 0.007622049 0.007104927 0.009295077 0.009295077 0.009295077 0.009717732 0.01068496 0.01017916 0.008548053 0 0 0 0 0 0 0 0
>chr17:9389150-9389400 9 scaledmin = 0.1 scaledmax = 0.9
0.01034074 0.03015444 0.02989721 0.01110458 0.007983559 0.01619142 0.01619142 0.01619142 0.007057039 0.03708731 0.007341939 0.008742901 0.00917733 0.008742901 0.007649814 0.007983559 0.00917733 0.007649814 0.007057039 0.008742901 0.00917733 0.008742901 0.00917733 0.009655639 0.008742901 0.008346578 0.009655639 0.00917733 0.007649814 0.007341939 0.00917733 0.005712441 0.01453677 0.03015444 0.01455206 0.01760254 0.02130026 0.02716391 0.008650851 0.01318399 0.006792636 0.007341939 0.008346578 0.007649814 0.007649814 0.006317062 0.01619142 0.01382806 0.01532038 0.006792636 0.008346578 0.008742901 0.008346578 0.00917733 0.00917733 0.00917733 0.009655639 0.00917733 0.00917733 0.00917733 0.008742901 0.007649814 0.008742901 0.00917733 0.008742901 0.00917733 0.00917733 0.009655639 0.008742901 0.009655639 0.00917733 0.007983559 0.007983559 0.00917733 0.009655639 0.00917733 0.007341939 0.006792636 0.005901306 0.006546592 0.007341939 0.006792636 0.008346578 0.01950481 0.009655639 0.009655639 0.00917733 0.009655639 0.009655639 0.009655639 0.009655639 0.008346578 0 0 0 0 0 0 0 0
>chr19:1183950-1184100 9 scaledmin = 0.1 scaledmax = 0.9
0.005300362 0.00462382 0.004165171 0.008391201 0.01336593 0.007394161 0.008870629 0.008450719 0.009332953 0.008870629 0.008870629 0.009844458 0.008067641 0.008870629 0.009332953 0.008450719 0.008450719 0.009332953 0.009844458 0.009844458 0.009844458 0.009844458 0.009844458 0.009844458 0.009844458 0.008870629 0.008870629 0.007096576 0.009332953 0.007394161 0.01565031 0.01659172 0.006327809 0.005898495 0.007394161 0.008450719 0.01659172 0.01659172 0.02502024 0.008870629 0.008870629 0.008067641 0.006327809 0.008361745 0.02625611 0.02058842 0.008135495 0.02081474 0.07796756 0.02344373 0.00656563 0.008067641 0.007716753 0.006821197 0.006821197 0.008450719 0.007716753 0.006327809 0.007096576 0.007394161 0.00656563 0.008067641 0.01565031 0.02022717 0.008870629 0.009332953 0.008450719 0.008067641 0.007716753 0.01659172 0.008450719 0.01405096 0.01117547 0.01765135 0.01885297 0.008067641 0.01028028 0.007894432 0.003255539 0.007096576 0.006105949 0.008870629 0.008067641 0.007394161 0.008870629 0.008870629 0.009332953 0.009332953 0.008067641 0.008067641 0.009332953 0.009332953 0 0 0 0 0 0 0 0
>chr19:38899800-38900000 9 scaledmin = 0.1 scaledmax = 0.9
0.01046274 0.01046274 0.01100805 0.01100805 0.01046274 0.02223673 0.01100805 0.009515633 0.009101767 0.009515633 0.01046274 0.01046274 0.009967466 0.01046274 0.01046274 0.007744039 0.009101767 0.01046274 0.009515633 0.009515633 0.009101767 0.01100805 0.01100805 0.01100805 0.01046274 0.01046274 0.01046274 0.009515633 0.009515633 0.01100805 0.009967466 0.00837028 0.006727866 0.01436037 0.006957166 0.006309971 0.00837028 0.009101767 0.009101767 0.008721276 0.01046274 0.01100805 0.01100805 0.01100805 0.01046274 0.01046274 0.01046274 0.01100805 0.01100805 0.01100805 0.01046274 0.01046274 0.009515633 0.009967466 0.009967466 0.01100805 0.01100805 0.01046274 0.009967466 0.01046274 0.01046274 0.01046274 0.009515633 0.009967466 0.009515633 0.01046274 0.01046274 0.01100805 0.01100805 0.01046274 0.009967466 0.01657285 0.01046274 0.01100805 0.01100805 0.008721276 0.009967466 0.009967466 0.009515633 0.01845925 0.01100805 0.01046274 0.01046274 0.009967466 0.005169967 0.005768293 0.007513609 0.01092301 0.02530451 0.009828016 0.02006802 0.02428366 0 0 0 0 0 0 0 0
>chr19:42121850-42122000 9 scaledmin = 0.1 scaledmax = 0.9
0.00676278 0.02161543 0.009249763 0.009249763 0.009688972 0.01070048 0.009688972 0.01070048 0.01070048 0.01070048 0.01070048 0.01070048 0.01070048 0.02023774 0.01794349 0.01183708 0.005301332 0.005301332 0.007527668 0.007255 0.009249763 0.01902284 0.0161098 0.00676278 0.007820683 0.009688972 0.008477601 0.008847461 0.01070048 0.005301332 0.004878885 0.007230234 0.01014997 0.01018769 0.006133668 0.01461063 0.01461063 0.01017041 0.01017041 0.008477601 0.009249763 0.008847461 0.01070048 0.008847461 0.01902284 0.009620733 0.006133668 0.01470511 0.02009216 0.03095914 0.004441365 0.006539888 0.009249763 0.008477601 0.009249763 0.01794349 0.01902284 0.01794349 0.01017041 0.009249763 0.01061781 0.007876922 0.004148331 0.003265367 0.003889238 0.005450184 0.00676278 0.007255 0.0161098 0.0169782 0.009249763 0.008847461 0.009249763 0.009688972 0.009688972 0.008847461 0.009688972 0.009249763 0.01070048 0.01017041 0.01017041 0.02259487 0.01470511 0.01183708 0.009249763 0.007527668 0.007820683 0.01281297 0.01395914 0.006330586 0.0161098 0.00932756 0 0 0 0 0 0 0 0
>chr19:4229150-4229400 9 scaledmin = 0.1 scaledmax = 0.9
0.007964898 0.0166203 0.01577021 0.009484731 0.009956021 0.01047491 0.01047491 0.009484731 0.011049 0.01047491 0.01047491 0.008660958 0.011049 0.008660958 0.01756525 0.01158756 0.006004372 0.006620222 0.005488928 0.004152503 0.04023414 0.009484731 0.01756525 0.03515186 0.009484731 0.008660958 0.01047491 0.009956021 0.008298895 0.0166203 0.0166203 0.008660958 0.009956021 0.009956021 0.008660958 0.009484731 0.009956021 0.009956021 0.00905478 0.007102066 0.008660958 0.007964898 0.00905478 0.009484731 0.008298895 0.008298895 0.01500136 0.01430265 0.01577021 0.007102066 0.007964898 0.009484731 0.009484731 0.008298895 0.00905478 0.007964898 0.009484731 0.00685306 0.007655825 0.006620222 0.007710878 0.004347742 0.004794268 0.007102066 0.007655825 0.006620222 0.004794268 0.005413709 0.008363222 0.0166203 0.009956021 0.006197138 0.01966862 0.004347742 0.005335295 0.009484731 0.009956021 0.01047491 0.02808167 0.01862184 0.01862184 0.011049 0.009956021 0.01430265 0.007368986 0.009956021 0.011049 0.01047491 0.011049 0.011049 0.01047491 0.011049 0 0 0 0 0 0 0 0
>chr19:44753400-44753600 9 scaledmin = 0.1 scaledmax = 0.9
0.008586633 0.008933284 0.009713973 0.009937638 0.01604159 0.00826492 0.01015568 0.007965548 0.009713973 0.0106379 0.01116649 0.01174847 0.009713973 0.01015568 0.0106379 0.01015568 0.01116649 0.01174847 0.01116649 0.01116649 0.02546228 0.02373242 0.009713973 0.01116649 0.01174847 0.0106379 0.009307889 0.008586633 0.007965548 0.005377164 0.00598397 0.007180398 0.008586633 0.006950597 0.006734394 0.01015568 0.01015568 0.00826492 0.009307889 0.007686267 0.009307889 0.01467078 0.004554614 0.006734394 0.01768758 0.009713973 0.009307889 0.01116649 0.01116649 0.0106379 0.01116649 0.01015568 0.0106379 0.009307889 0.01116649 0.01174847 0.01015568 0.01116649 0.01174847 0.01174847 0.0106379 0.01174847 0.009307889 0.01116649 0.01015568 0.01116649 0.01116649 0.0106379 0.0106379 0.01116649 0.0106379 0.01116649 0.007686267 0.006734394 0.01467078 0.008586633 0.01467078 0.01351146 0.008586633 0.007965548 0.02241689 0.01024109 0.009937638 0.007425121 0.02088592 0.0106379 0.01116649 0.01015568 0.01116649 0.0106379 0.01015568 0.01015568 0 0 0 0 0 0 0 0
>chr19:45642500-45642650 9 scaledmin = 0.1 scaledmax = 0.9
0.007236892 0.007359754 0.02054536 0.01462409 0.005030145 0.006769009 0.006545911 0.0075346 0.007261682 0.009258282 0.009697895 0.009258282 0.01017978 0.01017978 0.02163534 0.02163534 0.01904036 0.02321234 0.01071033 0.01071033 0.01071033 0.01071033 0.01017978 0.009697895 0.02163534 0.01017978 0.04796338 0.01017978 0.01017978 0.008143905 0.01017978 0.009697895 0.009697895 0.008855609 0.007261682 0.0075346 0.007007079 0.01017978 0.009697895 0.008855609 0.006545911 0.007827885 0.01129733 0.01129733 0.01129733 0.01129733 0.02503335 0.02503335 0.008855609 0.01071033 0.01017978 0.01017978 0.01017978 0.01071033 0.01071033 0.01017978 0.01129733 0.01129733 0.01071033 0.01017978 0.01017978 0.009697895 0.008485408 0.009697895 0.009258282 0.008143905 0.004902017 0.01062759 0.008406414 0.01034953 0.00518281 0.006082602 0.00339062 0.003521475 0.005164711 0.008143905 0.00905951 0.01062759 0.008143905 0.0075346 0.008143905 0.009697895 0.01071033 0.009258282 0.009258282 0.01017978 0.01017978 0.009258282 0.01017978 0.01017978 0.01017978 0.01017978 0 0 0 0 0 0 0 0
>chr19:4831750-4831950 9 scaledmin = 0.1 scaledmax = 0.9
0.008583042 0.009364808 0.008583042 0.009364808 0.006621228 0.008957502 0.008957502 0.01029691 0.01029691 0.007917954 0.01029691 0.01029691 0.00980948 0.00980948 0.01029691 0.01029691 0.01029691 0.009364808 0.007621294 0.007917954 0.007917954 0.00447308 0.005785028 0.004540569 0.003357551 0.01160224 0.007087703 0.006846893 0.015515 0.02188427 0.02347942 0.01083357 0.00980948 0.00980948 0.02048945 0.01083357 0.01029691 0.01029691 0.01029691 0.009364808 0.009364808 0.01029691 0.01029691 0.00980948 0.01029691 0.01083357 0.01029691 0.00980948 0.01083357 0.01083357 0.008957502 0.02048945 0.00980948 0.008583042 0.008237609 0.009364808 0.01816667 0.02347942 0.009364808 0.008583042 0.008237609 0.006621228 0.008237609 0.00980948 0.01029691 0.00980948 0.00980948 0.00980948 0.01029691 0.02347942 0.01083357 0.01083357 0.01083357 0.01083357 0.01083357 0.01029691 0.01029691 0.01142731 0.01142731 0.01083357 0.01029691 0.01142731 0.007621294 0.01029691 0.00980948 0.009364808 0.008237609 0.02532138 0.01925944 0.01029691 0.01083357 0.01083357 0 0 0 0 0 0 0 0
>chr19:49678400-49678550 9 scaledmin = 0.1 scaledmax = 0.9
0.01109714 0.01057184 0.01109714 0.01109714 0.01057184 0.01057184 0.01109714 0.01109714 0.01167551 0.01167551 0.01167551 0.01167551 0.01167551 0.01167551 0.01109714 0.01057184 0.01057184 0.01852526 0.007638533 0.01057184 0.009250084 0.009653645 0.01109714 0.01167551 0.01167551 0.01167551 0.01109714 0.01167551 0.01167551 0.01167551 0.009250084 0.01009261 0.01167551 0.01167551 0.009653645 0.01057184 0.01109714 0.01109714 0.01109714 0.01109714 0.01057184 0.01109714 0.009653645 0.01957851 0.01957851 0.009653645 0.01342755 0.006907431 0.006907431 0.003991877 0.0018344 0.006183347 0.009529411 0.007578802 0.005483444 0.007135805 0.007916079 0.007638533 0.007379008 0.008533307 0.008533307 0.009653645 0.01109714 0.01009261 0.01167551 0.01057184 0.01057184 0.009653645 0.009653645 0.02208181 0.01109714 0.01167551 0.01167551 0.01167551 0.01109714 0.01109714 0.01109714 0.01167551 0.01167551 0.01167551 0.009653645 0.01457967 0.01009261 0.01109714 0.007916079 0.01109714 0.01057184 0.01167551 0.01167551 0.01167551 0.01109714 0.01009261 0 0 0 0 0 0 0 0
>chr19:49897750-49898000 9 scaledmin = 0.1 scaledmax = 0.9
0.009813276 0.009813276 0.003805651 0.02131621 0.01560098 0.01255822 0.009813276 0.009813276 0.009813276 0.02293228 0.009813276 0.007427124 0.01079001 0.01079001 0.01079001 0.01079001 0.01079001 0.01027924 0.01135237 0.01135237 0.01079001 0.01135237 0.01135237 0.01079001 0.009386465 0.008994073 0.01079001 0.008994073 0.007696989 0.008297134 0.01027924 0.009813276 0.008994073 0.01027924 0.009813276 0.007696989 0.006310435 0.008632097 0.006716257 0.01067119 0.00566701 0.006084234 0.009386465 0.009813276 0.01079001 0.007986268 0.009813276 0.01027924 0.01135237 0.01135237 0.01079001 0.01135237 0.009813276 0.01079001 0.01135237 0.01135237 0.01027924 0.01079001 0.01135237 0.009386465 0.008994073 0.01079001 0.008994073 0.009813276 0.01135237 0.01135237 0.01135237 0.01197455 0.01197455 0.01197455 0.01197455 0.01197455 0.01197455 0.01197455 0.01197455 0.01197455 0.01197455 0.01079001 0.01027924 0.008632097 0.007696989 0.007427124 0.005948722 0.00693831 0.007986268 0.02851637 0.01975171 0.02576735 0.008144169 0.007696989 0.01027924 0.009813276 0 0 0 0 0 0 0 0
>chr1:1215200-1215400 9 scaledmin = 0.1 scaledmax = 0.9
0.008171573 0.007875582 0.01748781 0.02917804 0.0070993 0.007875582 0.01148168 0.009020249 0.01316994 0.01958351 0.01101818 0.007848697 0.001711169 0.004135268 0.006456856 0.00755974 0.008550702 0.009020249 0.008550702 0.0070993 0.009202762 0.007341259 0.008489652 0.008489652 0.007599455 0.01004097 0.01051775 0.01104037 0.008832388 0.009202762 0.01004097 0.01663522 0.009274095 0.01044368 0.007599455 0.005916384 0.006456856 0.007341259 0.01586041 0.01586041 0.008489652 0.0070993 0.008832388 0.008832388 0.008832388 0.01051775 0.009604259 0.009202762 0.01104037 0.01161578 0.01161578 0.01104037 0.008171573 0.01004097 0.01104037 0.01051775 0.009604259 0.01004097 0.01004097 0.01051775 0.01104037 0.01051775 0.01004097 0.01051775 0.008489652 0.008125954 0.01558456 0.01750619 0.03267832 0.02562432 0.02117594 0.01750619 0.006912801 0.006456856 0.009825398 0.009604259 0.01051775 0.01104037 0.01004097 0.01161578 0.01161578 0.01161578 0.01004097 0.009604259 0.01104037 0.01004097 0.01161578 0.01104037 0.009202762 0.008832388 0.008832388 0.01051775 0 0 0 0 0 0 0 0
>chr1:183180900-183181100 9 scaledmin = 0.1 scaledmax = 0.9
0.01118141 0.0242333 0.009245112 0.009245112 0.009665496 0.009245112 0.008172185 0.01987783 0.009665496 0.009245112 0.01601315 0.00525139 0.006032296 0.003235697 0.00283729 0.004108447 0.006350138 0.00525139 0.007066735 0.01012445 0.008502105 0.008502105 0.009245112 0.007066735 0.007315277 0.009665496 0.008858629 0.008858629 0.008502105 0.007315277 0.01062752 0.009245112 0.007315277 0.008502105 0.008502105 0.01458654 0.01987783 0.008858629 0.01526731 0.01526731 0.01396267 0.008858629 0.008172185 0.007066735 0.008502105 0.008172185 0.009665496 0.01012445 0.01118141 0.01012445 0.01012445 0.009665496 0.01683386 0.009665496 0.009665496 0.006409347 0.007066735 0.007315277 0.007315277 0.01987783 0.008858629 0.01774129 0.01458654 0.01601315 0.009665496 0.009665496 0.01012445 0.01062752 0.008502105 0.02613441 0.01179422 0.01118141 0.009665496 0.008858629 0.008502105 0.009245112 0.01062752 0.007315277 0.01005314 0.006215404 0.01396267 0.007066735 0.01012445 0.01062752 0.02258694 0.01118141 0.01179422 0.02613441 0.02613441 0.01118141 0.01012445 0.01118141 0 0 0 0 0 0 0 0
>chr1:183318500-183318750 9 scaledmin = 0.1 scaledmax = 0.9
0.01008969 0.01008969 0.01008969 0.009213377 0.007042478 0.006387346 0.008144133 0.01008969 0.007290166 0.007838999 0.007290166 0.00847292 0.007555055 0.006592408 0.008144133 0.009213377 0.01008969 0.01059104 0.0198096 0.0198096 0.008144133 0.02107474 0.01008969 0.01059104 0.01059104 0.007838999 0.00882822 0.007290166 0.008144133 0.00882822 0.01677607 0.01059104 0.00847292 0.01008969 0.01008969 0.01114303 0.01114303 0.009213377 0.009213377 0.01059104 0.01114303 0.01059104 0.01059104 0.01114303 0.01008969 0.009632318 0.01059104 0.01114303 0.01059104 0.01008969 0.01059104 0.00882822 0.008144133 0.01059104 0.007290166 0.007290166 0.00847292 0.01008969 0.009632318 0.00847292 0.008144133 0.007042478 0.01281517 0.007252067 0.01732618 0.04280038 0.01768039 0.01281517 0.00889665 0.00742488 0.006810367 0.009632318 0.01059104 0.0186856 0.02250941 0.008144133 0.008144133 0.009213377 0.01059104 0.01114303 0.009632318 0.01059104 0.0118731 0.01391474 0.009425516 0.005520586 0.009213377 0.007555055 0.01008969 0.0198096 0.01175374 0.01059104 0 0 0 0 0 0 0 0
>chr1:234987700-234987900 9 scaledmin = 0.1 scaledmax = 0.9
0.01086761 0.008985648 0.009394234 0.01032926 0.01032926 0.01146322 0.009394234 0.008263493 0.008263493 0.01483884 0.009394234 0.007942833 0.007109974 0.007645242 0.009394234 0.008263493 0.008610012 0.009394234 0.0235532 0.01086761 0.01032926 0.01146322 0.01086761 0.008985648 0.009394234 0.008610012 0.009840303 0.01032926 0.01086761 0.01032926 0.01086761 0.01032926 0.01032926 0.01032926 0.009394234 0.009840303 0.008985648 0.008985648 0.008263493 0.009840303 0.008985648 0.008610012 0.007645242 0.01249841 0.009394234 0.007109974 0.009840303 0.009394234 0.008985648 0.01032926 0.01086761 0.009840303 0.01032926 0.01086761 0.01032926 0.01032926 0.01032926 0.01086761 0.01032926 0.01032926 0.01086761 0.01086761 0.01032926 0.009394234 0.01086761 0.01086761 0.01086761 0.01032926 0.01032926 0.008985648 0.007942833 0.01357081 0.02498168 0.009702632 0.019812 0.02397385 0.03057351 0.01637862 0.01458076 0.01042427 0.00572494 0.006868408 0.008263493 0.009394234 0.01032926 0.009840303 0.01032926 0.01032926 0.01086761 0.01032926 0.008985648 0.008985648 0 0 0 0 0 0 0 0
>chr1:235011850-235012200 9 scaledmin = 0.1 scaledmax = 0.9
0.00801203 0.01537502 0.00681686 0.00801203 0.007082207 0.01722659 0.007677095 0.009210059 0.008376344 0.008774081 0.009690073 0.008774081 0.008774081 0.00801203 0.009210059 0.009690073 0.009210059 0.009690073 0.009210059 0.009690073 0.009690073 0.008774081 0.009210059 0.009690073 0.008376344 0.008376344 0.009210059 0.008774081 0.008774081 0.00681686 0.008376344 0.009690073 0.009210059 0.009690073 0.008376344 0.007677095 0.00801203 0.009210059 0.008774081 0.00801203 0.008774081 0.008376344 0.008774081 0.009210059 0.009690073 0.009210059 0.008774081 0.008774081 0.009210059 0.008774081 0.01022115 0.009690073 0.007677095 0.01022115 0.01022115 0.01022115 0.005732813 0.006741152 0.008109358 0.01848932 0.1156263 0.01300089 0.007736602 0.02199431 0.01942615 0.01210037 0.01210037 0.00801203 0.009210059 0.01458861 0.009690073 0.009690073 0.01022115 0.01022115 0.009210059 0.009210059 0.009690073 0.009690073 0.009690073 0.01957437 0.009210059 0.008774081 0.009210059 0.009690073 0.00801203 0.007368122 0.006124198 0.003449708 0.008196508 0.01071935 0.00681686 0.008774081 0 0 0 0 0 0 0 0
>chr1:31956100-31956250 9 scaledmin = 0.1 scaledmax = 0.9
0.01085921 0.01034517 0.01034517 0.009051756 0.01466734 0.0093855 0.008687459 0.01636226 0.01085921 0.01034517 0.01034517 0.01085921 0.009876213 0.01142518 0.01085921 0.01034517 0.01034517 0.009446665 0.008037487 0.008350347 0.009876213 0.009876213 0.01205135 0.009876213 0.01085921 0.009876213 0.01034517 0.01034517 0.01034517 0.01142518 0.01085921 0.01142518 0.01034517 0.02307936 0.02160836 0.01085921 0.01142518 0.01142518 0.01085921 0.01142518 0.01142518 0.01142518 0.01142518 0.01142518 0.009876213 0.01720085 0.009051756 0.009446665 0.01142518 0.008350347 0.01034517 0.01142518 0.01085921 0.01142518 0.01034517 0.01142518 0.01034517 0.009876213 0.01915873 0.01915873 0.01915873 0.007220797 0.005365875 0.006759331 0.007992616 0.01133692 0.00679937 0.006307999 0.003888945 0.004974559 0.01174086 0.008410395 0.009051756 0.009876213 0.008687459 0.009876213 0.009446665 0.01034517 0.01085921 0.009446665 0.01034517 0.008687459 0.01812807 0.008687459 0.007746353 0.006549077 0.01426707 0.006350906 0.007220797 0.01560016 0.009876213 0.009446665 0 0 0 0 0 0 0 0
>chr1:33342450-33342650 9 scaledmin = 0.1 scaledmax = 0.9
0.00996132 0.01048049 0.01048049 0.01048049 0.00996132 0.009059599 0.008665568 0.008665568 0.008665568 0.01431026 0.008303312 0.006405436 0.006405436 0.006623746 0.008303312 0.003890538 0.01205321 0.006623746 0.00549185 0.004922198 0.01967909 0.03032266 0.02101074 0.008303312 0.009059599 0.01048049 0.006856708 0.009059599 0.009489779 0.05280351 0.00996132 0.009489779 0.02117104 0.009489779 0.008665568 0.009489779 0.00996132 0.00996132 0.00996132 0.009489779 0.01048049 0.01048049 0.01048049 0.01048049 0.01048049 0.00996132 0.009489779 0.009059599 0.02117104 0.007372908 0.007105846 0.006623746 0.02476357 0.01999749 0.008609461 0.00351337 0.004778581 0.007081589 0.009941295 0.01766948 0.005192343 0.006623746 0.006405436 0.009059599 0.009489779 0.008303312 0.007659899 0.01431026 0.01431026 0.006856708 0.006856708 0.008665568 0.009489779 0.009059599 0.00996132 0.01048049 0.01048049 0.01048049 0.01048049 0.01048049 0.00996132 0.01863176 0.009059599 0.006200437 0.005654152 0.008865094 0.01367216 0.02101074 0.007105846 0.01254956 0.007372908 0.007372908 0 0 0 0 0 0 0 0
>chr1:37477300-37477600 9 scaledmin = 0.1 scaledmax = 0.9
0.007820114 0.00811402 0.007289553 0.007049299 0.01504646 0.01830068 0.02435486 0.01651806 0.009536616 0.009970255 0.01044367 0.009536616 0.01044367 0.009536616 0.01096261 0.009970255 0.008770181 0.00641138 0.007820114 0.005874715 0.006823694 0.009756197 0.007506496 0.006447276 0.01642811 0.006808583 0.01335116 0.01683458 0.0216572 0.02503479 0.007820114 0.009137947 0.01037012 0.01504646 0.00811402 0.01044367 0.01044367 0.01044367 0.008429859 0.009137947 0.01096261 0.009137947 0.008770181 0.007049299 0.006222498 0.006043881 0.007820114 0.00811402 0.01153397 0.01096261 0.009970255 0.01096261 0.009970255 0.007820114 0.00811402 0.009137947 0.01044367 0.009970255 0.01096261 0.01153397 0.01153397 0.01153397 0.01153397 0.01096261 0.01096261 0.01044367 0.01096261 0.01044367 0.009137947 0.006222498 0.009970255 0.009970255 0.01934116 0.02050459 0.01153397 0.009536616 0.009137947 0.009536616 0.01096261 0.02050459 0.009536616 0.01096261 0.01044367 0.02499739 0.0220076 0.006864114 0.003651363 0.005874715 0.006222498 0.006222498 0.00619515 0.007685372 0 0 0 0 0 0 0 0
>chr20:49812550-49812700 9 scaledmin = 0.1 scaledmax = 0.9
0.009185098 0.01005872 0.01110883 0.01055853 0.01055853 0.01110883 0.009602753 0.01171766 0.01110883 0.01110883 0.01110883 0.01171766 0.009602753 0.01055853 0.009602753 0.009185098 0.00726779 0.01005872 0.009602753 0.01005872 0.008446913 0.008801123 0.008801123 0.007020862 0.02345714 0.01526629 0.01228881 0.009602753 0.009185098 0.009185098 0.007020862 0.01055853 0.009602753 0.01055853 0.008119136 0.01590921 0.01762612 0.007531866 0.01590921 0.009602753 0.009602753 0.009185098 0.01005872 0.01055853 0.009185098 0.005545436 0.01044226 0.005993138 0.003724008 0.01065565 0.005852013 0.006789463 0.006367741 0.01110883 0.01055853 0.01110883 0.01171766 0.01110883 0.01110883 0.01171766 0.01005872 0.008119136 0.01183666 0.01449185 0.01055853 0.01005872 0.009602753 0.009602753 0.01110883 0.02596476 0.01171766 0.01055853 0.008446913 0.007531866 0.007020862 0.005503641 0.01102301 0.008446913 0.01862825 0.03727917 0.01005872 0.009602753 0.01005872 0.01110883 0.01110883 0.01110883 0.01005872 0.01055853 0.01055853 0.01005872 0.01110883 0.01055853 0 0 0 0 0 0 0 0
>chr20:58306900-58307050 9 scaledmin = 0.1 scaledmax = 0.9
0.01148884 0.01148884 0.01091972 0.01148884 0.01091972 0.008735867 0.009102194 0.009718025 0.009102194 0.01148884 0.01148884 0.01091972 0.01148884 0.02489959 0.02042436 0.02172877 0.009499303 0.01091972 0.009499303 0.008396877 0.009102194 0.01148884 0.01091972 0.01091972 0.01040281 0.02489959 0.01148884 0.01148884 0.01148884 0.01148884 0.01148884 0.008396877 0.005559537 0.01110182 0.009017458 0.01140009 0.01224157 0.008735867 0.007516408 0.01148884 0.009931245 0.008396877 0.005002278 0.005851729 0.006386295 0.007516408 0.006020234 0.007789517 0.01040281 0.01040281 0.01148884 0.01091972 0.01091972 0.01091972 0.01091972 0.009931245 0.009931245 0.007021718 0.007789517 0.009102194 0.009499303 0.009931245 0.009931245 0.01148884 0.01148884 0.01091972 0.008735867 0.008396877 0.007789517 0.007789517 0.008396877 0.01040281 0.01091972 0.01148884 0.01091972 0.01091972 0.01091972 0.01091972 0.01091972 0.007516408 0.009499303 0.009931245 0.009931245 0.01040281 0.01091972 0.02172877 0.02042436 0.01040281 0.01148884 0.008396877 0.01032955 0.01102016 0 0 0 0 0 0 0 0
>chr21:33383100-33383350 9 scaledmin = 0.1 scaledmax = 0.9
0.01014843 0.01063031 0.01238352 0.01238352 0.01174009 0.01174009 0.01174009 0.01174009 0.01115852 0.006945636 0.008926908 0.01531535 0.01063031 0.0196868 0.02544411 0.01174009 0.01115852 0.01238352 0.01174009 0.01350182 0.01293175 0.009930545 0.008873397 0.006945636 0.008259021 0.009707039 0.008926908 0.01115852 0.01174009 0.009301246 0.01014843 0.009301246 0.01063031 0.01174009 0.01174009 0.01174009 0.01174009 0.009707039 0.009707039 0.006151888 0.008259021 0.007680781 0.0146603 0.005243916 0.01090448 0.009930545 0.01051839 0.006333697 0.007959862 0.008580504 0.01862772 0.0146603 0.006945636 0.007959862 0.009707039 0.01014843 0.01115852 0.008926908 0.01063031 0.009707039 0.01014843 0.009707039 0.01350182 0.008580504 0.007959862 0.00492051 0.006945636 0.009301246 0.01014843 0.01115852 0.01115852 0.01174009 0.01115852 0.01174009 0.009301246 0.01681324 0.007959862 0.008926908 0.009301246 0.009707039 0.03939755 0.007680781 0.004872868 0.005146304 0.007140011 0.01055544 0.007959862 0.008259021 0.009707039 0.01115852 0.01115852 0.01115852 0 0 0 0 0 0 0 0
>chr22:17781750-17781950 9 scaledmin = 0.1 scaledmax = 0.9
0.009202881 0.01016364 0.009202881 0.008403588 0.01016364 0.009660166 0.009202881 0.009660166 0.009660166 0.009660166 0.01016364 0.01016364 0.009660166 0.009202881 0.006649413 0.007291376 0.01704327 0.01530158 0.01387763 0.01447632 0.0148345 0.01176494 0.02336345 0.1212771 0.01363626 0.008114699 0.0230692 0.01768347 0.00689102 0.006211784 0.009202881 0.008785707 0.007150008 0.008785707 0.009202881 0.008052284 0.004901086 0.006423495 0.008785707 0.00689102 0.005825945 0.008403588 0.008052284 0.008403588 0.007150008 0.007728211 0.008403588 0.008403588 0.008785707 0.008403588 0.008785707 0.008785707 0.008785707 0.007728211 0.008785707 0.008052284 0.007150008 0.007728211 0.008052284 0.008403588 0.008785707 0.009202881 0.008403588 0.006423495 0.006649413 0.007150008 0.007728211 0.008052284 0.008785707 0.01269173 0.006423495 0.008403588 0.009660166 0.01016364 0.009202881 0.009660166 0.009660166 0.008785707 0.01922242 0.006211784 0.01304781 0.01349228 0.006649413 0.006423495 0.00689102 0.008785707 0.006423495 0.009202881 0.009660166 0.01016364 0.009660166 0.009202881 0 0 0 0 0 0 0 0
>chr22:35630050-35630150 9 scaledmin = 0.1 scaledmax = 0.9
0.01238954 0.008576513 0.008576513 0.007251449 0.01354719 0.007544198 0.006491086 0.009430151 0.01493724 0.01989038 0.02870576 0.007544198 0.007544198 0.01493724 0.01989038 0.02870576 0.01862974 0.01363479 0.01097551 0.00672694 0.009209346 0.01542705 0.007251449 0.01763825 0.01493724 0.02478221 0.02359764 0.02004214 0.008203493 0.008203493 0.008983754 0.007860553 0.008983754 0.006979762 0.008983754 0.009430151 0.009430151 0.009430151 0.009430151 0.009430151 0.01763825 0.006063878 0.007860553 0.008203493 0.008983754 0.008983754 0.007860553 0.008983754 0.009921636 0.008983754 0.008203493 0.009430151 0.009430151 0.009430151 0.009921636 0.008983754 0.008983754 0.008983754 0.008576513 0.009430151 0.008576513 0.008203493 0.01663746 0.03329517 0.01763825 0.008203493 0.008576513 0.008576513 0.008576513 0.007544198 0.008576513 0.009430151 0.008576513 0.009430151 0.009921636 0.008576513 0.009430151 0.009430151 0.007860553 0.006979762 0.00672694 0.007860553 0.006309993 0.006063878 0.004915471 0.003262158 0.007860553 0.008576513 0.008983754 0.004319912 0.008983754 0.009921636 0 0 0 0 0 0 0 0
>chr2:207529550-207529750 9 scaledmin = 0.1 scaledmax = 0.9
0.009166367 0.01330603 0.008456077 0.008797458 0.008797458 0.01047616 0.01047616 0.01047616 0.01099671 0.01000126 0.01047616 0.009166367 0.007569401 0.009443166 0.006127385 0.01143627 0.01040237 0.007844436 0.007312225 0.01047616 0.01047616 0.01047616 0.01156984 0.01156984 0.01099671 0.01099671 0.01156984 0.01156984 0.01099671 0.01099671 0.01047616 0.01099671 0.01000126 0.01156984 0.01000126 0.01099671 0.01156984 0.01156984 0.01656943 0.01000126 0.01099671 0.01156984 0.01156984 0.006632 0.01688694 0.01688694 0.01339269 0.008224287 0.003955749 0.01114911 0.02207605 0.02733752 0.01444771 0.006844917 0.009166367 0.01047616 0.01099671 0.009166367 0.009166367 0.009166367 0.008456077 0.009566276 0.007312225 0.008456077 0.009566276 0.009166367 0.01000126 0.02056836 0.01940132 0.009566276 0.009566276 0.01047616 0.01047616 0.01444771 0.008797458 0.008139256 0.007844436 0.006844917 0.005579182 0.008139256 0.008139256 0.009166367 0.01156984 0.01156984 0.01099671 0.01099671 0.01000126 0.01099671 0.01099671 0.01156984 0.01000126 0.01000126 0 0 0 0 0 0 0 0
>chr2:218896600-218896750 9 scaledmin = 0.1 scaledmax = 0.9
0.01110238 0.01057682 0.01057682 0.008881993 0.01057682 0.01168102 0.01110238 0.01168102 0.02209223 0.01110238 0.01057682 0.01594948 0.00578712 0.02651331 0.02032352 0.02934191 0.007642136 0.007139172 0.01343389 0.0049645 0.005486031 0.006695728 0.007642136 0.009254448 0.01009737 0.008217467 0.008881993 0.020766 0.01110238 0.01168102 0.008537333 0.008537333 0.009658199 0.01110238 0.009254448 0.007642136 0.009995516 0.004270242 0.004895753 0.00623756 0.01305909 0.00988058 0.008217467 0.008881993 0.01057682 0.01110238 0.01057682 0.008881993 0.008537333 0.006493119 0.005085952 0.008598725 0.01292177 0.007139172 0.01057682 0.01168102 0.01168102 0.01168102 0.008217467 0.007642136 0.009658199 0.01009737 0.01110238 0.01168102 0.01009737 0.01110238 0.01110238 0.01110238 0.009658199 0.009254448 0.009658199 0.020766 0.008881993 0.009658199 0.009658199 0.01009737 0.009658199 0.009658199 0.008217467 0.02466536 0.008217467 0.006695728 0.008537333 0.018534 0.009326181 0.00691069 0.009658199 0.02209223 0.008881993 0.009658199 0.008537333 0.009254448 0 0 0 0 0 0 0 0
>chr2:28681300-28681500 9 scaledmin = 0.1 scaledmax = 0.9
0.009426922 0.009838199 0.01077394 0.01189872 0.01130929 0.01130929 0.01028555 0.01130929 0.01077394 0.01077394 0.008696442 0.01077394 0.009426922 0.007784562 0.008370615 0.008370615 0.009426922 0.008696442 0.01077394 0.01189872 0.01189872 0.01189872 0.01189872 0.01189872 0.01077394 0.01077394 0.009838199 0.007520076 0.01222748 0.007039484 0.005445929 0.009774498 0.007784562 0.007784562 0.009838199 0.01130929 0.01130929 0.009426922 0.009838199 0.009426922 0.01077394 0.008067414 0.009838199 0.009838199 0.009426922 0.009047526 0.007520076 0.01424777 0.008696442 0.01316259 0.01069806 0.01141332 0.008993292 0.01132851 0.01128656 0.008039875 0.008176368 0.02282501 0.01028555 0.01077394 0.01028555 0.009838199 0.0199528 0.01130929 0.01130929 0.01624673 0.01267829 0.008370615 0.005737771 0.01130929 0.009047526 0.009838199 0.009838199 0.01130929 0.01189872 0.007784562 0.01368425 0.01552228 0.01424777 0.008067414 0.008696442 0.009838199 0.008067414 0.01485839 0.01624673 0.01624673 0.01791377 0.009838199 0.009047526 0.009047526 0.01130929 0.01077394 0 0 0 0 0 0 0 0
>chr2:55133950-55134150 9 scaledmin = 0.1 scaledmax = 0.9
0.009531 0.007693172 0.01000459 0.01052601 0.008703209 0.01000459 0.01052601 0.009531 0.01000459 0.01052601 0.01000459 0.009531 0.008703209 0.006033662 0.006033662 0.006886491 0.007404934 0.004817656 0.009430652 0.00622737 0.006886491 0.007136712 0.008339379 0.01670138 0.009098952 0.01373154 0.03045437 0.003598862 0.007184595 0.0104447 0.02419645 0.009397656 0.01918926 0.0232203 0.0104045 0.006433259 0.008003752 0.007693172 0.01000459 0.01000459 0.008339379 0.009098952 0.009531 0.009098952 0.008003752 0.021263 0.01765093 0.008703209 0.009531 0.01000459 0.009098952 0.007136712 0.007693172 0.005075829 0.006433259 0.007693172 0.008003752 0.01507454 0.01437242 0.01584714 0.008003752 0.009098952 0.009098952 0.009098952 0.008703209 0.01000459 0.009531 0.01052601 0.01052601 0.021263 0.01990778 0.01990778 0.021263 0.01000459 0.01000459 0.01052601 0.009098952 0.008003752 0.009531 0.009531 0.021263 0.01000459 0.009531 0.009531 0.009531 0.009531 0.009531 0.01052601 0.01000459 0.01000459 0.01052601 0.01052601 0 0 0 0 0 0 0 0
>chr2:64204300-64204450 9 scaledmin = 0.1 scaledmax = 0.9
0.009338377 0.009763002 0.01073473 0.01073473 0.01022658 0.01073473 0.008947995 0.008947995 0.01129421 0.01073473 0.009763002 0.007657556 0.007657556 0.008254627 0.01129421 0.01022658 0.01022658 0.01073473 0.01129421 0.01129421 0.01073473 0.01129421 0.01022658 0.006278106 0.006681849 0.005446268 0.0161747 0.006902764 0.008587874 0.008587874 0.007657556 0.007389074 0.01011891 0.02058971 0.02491494 0.03177366 0.01116383 0.04029656 0.01203418 0.009763002 0.01129421 0.009763002 0.009763002 0.01073473 0.01022658 0.009338377 0.01073473 0.01022658 0.01022658 0.01022658 0.01022658 0.01129421 0.01129421 0.01129421 0.01129421 0.009763002 0.01022658 0.01073473 0.01129421 0.01073473 0.009338377 0.01410352 0.005918246 0.01160627 0.007138025 0.008254627 0.008254627 0.008254627 0.007138025 0.008947995 0.008254627 0.01022658 0.01022658 0.01073473 0.01073473 0.01022658 0.01073473 0.01073473 0.01022658 0.01073473 0.01129421 0.01129421 0.01073473 0.01129421 0.01129421 0.01129421 0.01129421 0.009338377 0.008254627 0.007945353 0.006278106 0.005752596 0 0 0 0 0 0 0 0
>chr2:68467450-68467550 9 scaledmin = 0.1 scaledmax = 0.9
0.006271089 0.009430966 0.007861233 0.009430966 0.009430966 0.008577255 0.008984531 0.008984531 0.006271089 0.01141148 0.0105726 0.00326244 0.008984531 0.01046631 0.01046631 0.01046631 0.01046631 0.009430966 0.01046631 0.01046631 0.008204202 0.009430966 0.008577255 0.006727522 0.006727522 0.003933511 0.008577255 0.008984531 0.00754485 0.009430966 0.009430966 0.008204202 0.01046631 0.009922494 0.008577255 0.01046631 0.01046631 0.009922494 0.01046631 0.01046631 0.008204202 0.007252077 0.008984531 0.009430966 0.009922494 0.009922494 0.009922494 0.008984531 0.009922494 0.009430966 0.009430966 0.009922494 0.009430966 0.009922494 0.008984531 0.006727522 0.0118814 0.01239061 0.02063369 0.1183997 0.0189328 0.008303865 0.006902842 0.005710979 0.01239061 0.01574379 0.009922494 0.009922494 0.009922494 0.008577255 0.009922494 0.009922494 0.009922494 0.009922494 0.008984531 0.009430966 0.009922494 0.009922494 0.009922494 0.009430966 0.009922494 0.009922494 0.009922494 0.009922494 0.008204202 0.01876635 0.009922494 0.009430966 0.007861233 0.009430966 0.00754485 0.004428275 0 0 0 0 0 0 0 0
>chr3:101827650-101827900 9 scaledmin = 0.1 scaledmax = 0.9
0.01566665 0.008039126 0.009094584 0.00719617 0.005934079 0.01099936 0.01160219 0.01160219 0.01160219 0.009508123 0.009094584 0.01045449 0.01045449 0.0099596 0.01045449 0.01160219 0.01160219 0.01099936 0.01045449 0.01160219 0.01160219 0.01099936 0.01045449 0.0099596 0.01160219 0.01099936 0.0099596 0.009508123 0.0099596 0.0099596 0.009094584 0.01045449 0.0099596 0.01045449 0.01045449 0.01745243 0.009094584 0.006722557 0.006951675 0.006545955 0.01657718 0.02005218 0.02426449 0.01087238 0.0102097 0.008363674 0.009094584 0.01045449 0.01045449 0.01099936 0.0099596 0.0099596 0.009094584 0.01655977 0.02080301 0.02383874 0.009508123 0.008363674 0.01264994 0.006507408 0.007457643 0.00719617 0.006722557 0.009508123 0.0099596 0.01045449 0.01099936 0.01045449 0.0099596 0.01955418 0.02080301 0.01099936 0.01099936 0.01099936 0.01099936 0.01099936 0.01045449 0.009508123 0.01045449 0.0099596 0.0099596 0.0099596 0.0099596 0.009094584 0.009508123 0.007737927 0.007737927 0.00719617 0.009508123 0.005763741 0.006545955 0.005304085 0 0 0 0 0 0 0 0
>chr3:109082000-109082200 9 scaledmin = 0.1 scaledmax = 0.9
0.007853929 0.00851364 0.007030392 0.007853929 0.00973016 0.007559668 0.007559668 0.005473353 0.008885072 0.01074597 0.01074597 0.01133491 0.01133491 0.01074597 0.01133491 0.01133491 0.02328957 0.009289084 0.00973016 0.009289084 0.01074597 0.00973016 0.009289084 0.01021365 0.008171 0.00973016 0.01074597 0.00973016 0.006159742 0.00973016 0.007853929 0.00851364 0.01074597 0.01021365 0.01021365 0.00973016 0.00973016 0.01910371 0.01801977 0.00973016 0.005887127 0.009089651 0.007559668 0.007709135 0.005630962 0.00851364 0.006357497 0.01617828 0.01021365 0.01074597 0.01074597 0.01021365 0.009289084 0.006791529 0.006357497 0.005797375 0.0118874 0.007559668 0.00851364 0.00851364 0.007853929 0.00851364 0.00851364 0.007030392 0.01426533 0.009661631 0.01441755 0.1282257 0.02050404 0.008993005 0.007475711 0.006184935 0.003905771 0.00504688 0.007285841 0.009289084 0.01021365 0.005473353 0.01021365 0.01074597 0.01074597 0.01021365 0.01021365 0.007559668 0.00573825 0.00443691 0.00504688 0.008171 0.01021365 0.009289084 0.00973016 0.009289084 0 0 0 0 0 0 0 0
>chr3:119323150-119323300 9 scaledmin = 0.1 scaledmax = 0.9
0.009599916 0.008485813 0.01003643 0.008828394 0.009599916 0.009599916 0.007872021 0.007872021 0.01003643 0.009599916 0.009198601 0.009599916 0.01103538 0.01003643 0.008167878 0.009198601 0.009599916 0.009198601 0.009198601 0.008828394 0.010513 0.01103538 0.01103538 0.01003643 0.01103538 0.01103538 0.010513 0.01103538 0.009599916 0.009198601 0.03112608 0.01449852 0.01842216 0.01103538 0.010513 0.010513 0.01103538 0.01161053 0.01161053 0.01103538 0.010513 0.0166277 0.01541304 0.005752197 0.005181622 0.008485813 0.02064069 0.02064069 0.01103538 0.01161053 0.01161053 0.01161053 0.01103538 0.01003643 0.008828394 0.009599916 0.010513 0.01003643 0.008828394 0.008828394 0.009198601 0.008167878 0.01003643 0.01003643 0.009198601 0.01103538 0.010513 0.01103538 0.01161053 0.01161053 0.01103538 0.01003643 0.01161053 0.01103538 0.01103538 0.01103538 0.0174799 0.010513 0.01003643 0.008167878 0.010513 0.009599916 0.01003643 0.01449852 0.007596019 0.008828394 0.007596019 0.007872021 0.004310028 0.01078414 0.005186046 0.01449852 0 0 0 0 0 0 0 0
>chr3:149225300-149225500 9 scaledmin = 0.1 scaledmax = 0.9
0.009649082 0.009192322 0.008775626 0.008393946 0.009192322 0.009649082 0.009649082 0.008393946 0.009192322 0.01528402 0.02550107 0.08480969 0.02264136 0.008043045 0.01804774 0.007719344 0.008393946 0.009649082 0.009649082 0.008775626 0.008775626 0.008393946 0.004646464 0.008043045 0.007719344 0.008043045 0.008043045 0.007141804 0.008775626 0.008393946 0.008043045 0.0074198 0.009192322 0.009649082 0.009649082 0.01015198 0.01015198 0.01015198 0.01015198 0.009649082 0.009192322 0.009192322 0.008043045 0.009649082 0.009649082 0.009649082 0.01015198 0.01015198 0.009192322 0.009649082 0.008775626 0.009192322 0.009192322 0.008775626 0.009649082 0.009192322 0.008393946 0.009649082 0.01015198 0.01015198 0.01015198 0.01015198 0.008775626 0.01015198 0.009649082 0.01015198 0.006641784 0.01015198 0.01070837 0.009649082 0.01015198 0.01070837 0.009649082 0.008393946 0.009192322 0.008775626 0.007719344 0.009649082 0.008393946 0.008775626 0.008043045 0.0237283 0.01804774 0.009192322 0.009192322 0.01070837 0.009192322 0.009649082 0.009192322 0.01070837 0.01070837 0.01015198 0 0 0 0 0 0 0 0
>chr4:102501200-102501450 9 scaledmin = 0.1 scaledmax = 0.9
0.0112847 0.0112847 0.01072569 0.0112847 0.01072569 0.008940459 0.008940459 0.01072569 0.0112847 0.0112847 0.01072569 0.01021797 0.0112847 0.0112847 0.01072569 0.01021797 0.009330512 0.009330512 0.009754779 0.0112847 0.0112847 0.0112847 0.0112847 0.0112847 0.0112847 0.01072569 0.009754779 0.01021797 0.008940459 0.008940459 0.0115965 0.03494134 0.03524198 0.01700722 0.02057237 0.02489396 0.01115442 0.01047455 0.008763147 0.01115442 0.005747752 0.008247675 0.007132013 0.01698936 0.008940459 0.02006145 0.010146 0.004576441 0.004280083 0.004017402 0.004017402 0.005913262 0.009754779 0.009330512 0.01021797 0.01021797 0.009330512 0.02006145 0.01072569 0.0112847 0.0112847 0.0112847 0.01072569 0.01072569 0.0112847 0.0112847 0.0112847 0.008580641 0.008247675 0.008940459 0.008580641 0.005590772 0.006272818 0.009330512 0.009330512 0.008580641 0.004526197 0.007938662 0.007938662 0.009330512 0.007651107 0.01072569 0.009330512 0.0112847 0.01190317 0.01021797 0.01072569 0.01021797 0.01021797 0.006676222 0.006676222 0.005913262 0 0 0 0 0 0 0 0
>chr4:39044450-39044600 9 scaledmin = 0.1 scaledmax = 0.9
0.009765302 0.01022899 0.01129687 0.01022899 0.009765302 0.006279585 0.01073726 0.01073726 0.01073726 0.01129687 0.01129687 0.01022899 0.009765302 0.02282017 0.009340577 0.008589897 0.007390815 0.00647553 0.006683423 0.01015695 0.007390815 0.005919641 0.006094586 0.008104355 0.01894358 0.01700769 0.01542496 0.01609041 0.01648852 0.01307671 0.006668623 0.006094586 0.003787046 0.008589897 0.007139706 0.008950103 0.01022899 0.009765302 0.01022899 0.008256571 0.009340577 0.01473716 0.01792449 0.01410685 0.008589897 0.009340577 0.01022899 0.009340577 0.01022899 0.009765302 0.01022899 0.01022899 0.00647553 0.005838519 0.01203702 0.006279585 0.008589897 0.009765302 0.01129687 0.01129687 0.01129687 0.01073726 0.009340577 0.01073726 0.008256571 0.008950103 0.01022899 0.01022899 0.01022899 0.01129687 0.01073726 0.009340577 0.01129687 0.01022899 0.009765302 0.01073726 0.01129687 0.01022899 0.008950103 0.02008309 0.02008309 0.02282017 0.01022899 0.01073726 0.01191601 0.01129687 0.01191601 0.01129687 0.01129687 0.01191601 0.01191601 0.01191601 0 0 0 0 0 0 0 0
>chr5:119397750-119397900 9 scaledmin = 0.1 scaledmax = 0.9
0.00937977 0.01040949 0.01040949 0.01040949 0.01040949 0.009868629 0.00937977 0.007503892 0.007212708 0.008159665 0.008159665 0.005171231 0.006237046 0.008159665 0.008530693 0.008530693 0.01040949 0.00937977 0.00937977 0.009868629 0.00937977 0.009868629 0.008935758 0.009868629 0.008159665 0.008935758 0.01654858 0.008530693 0.008935758 0.008935758 0.009868629 0.009868629 0.009868629 0.00937977 0.009868629 0.009868629 0.008530693 0.01866447 0.01754402 0.02138813 0.009868629 0.009868629 0.009868629 0.009868629 0.009868629 0.009868629 0.009868629 0.00937977 0.00937977 0.008159665 0.008935758 0.008159665 0.00937977 0.007818558 0.007818558 0.008530693 0.007503892 0.007818558 0.008935758 0.009868629 0.00937977 0.00937977 0.009868629 0.00937977 0.00937977 0.008935758 0.008530693 0.008935758 0.007818558 0.008530693 0.00937977 0.009868629 0.00937977 0.00937977 0.008159665 0.01866447 0.006942472 0.00583845 0.004296833 0.008841677 0.02776311 0.02177012 0.008602441 0.02200943 0.0824426 0.007818558 0.006942472 0.00583845 0.006237046 0.007818558 0.01993506 0.008159665 0 0 0 0 0 0 0 0
>chr5:134554850-134555050 9 scaledmin = 0.1 scaledmax = 0.9
0.009773879 0.009773879 0.009266041 0.009773879 0.009266041 0.008390132 0.009773879 0.009266041 0.009266041 0.009266041 0.009773879 0.009773879 0.009266041 0.009266041 0.008390132 0.0080098 0.0080098 0.009773879 0.009773879 0.009266041 0.008390132 0.02008215 0.01871781 0.04668479 0.009266041 0.009266041 0.008390132 0.009266041 0.008390132 0.008807032 0.008807032 0.008807032 0.009266041 0.008390132 0.008390132 0.006062173 0.009266041 0.007341149 0.004855471 0.005856206 0.007341149 0.008807032 0.009266041 0.008807032 0.007341149 0.008390132 0.008807032 0.008390132 0.008390132 0.009266041 0.007661428 0.006518558 0.006282442 0.004855471 0.006772293 0.007341149 0.0080098 0.008390132 0.009266041 0.009266041 0.008390132 0.0080098 0.005856206 0.02606787 0.01265203 0.0155381 0.008807032 0.0080098 0.006772293 0.01543972 0.01151555 0.1105666 0.02130011 0.01072592 0.01352439 0.01352439 0.005663193 0.005150708 0.007341149 0.005856206 0.008807032 0.007661428 0.007341149 0.008807032 0.008807032 0.008390132 0.007341149 0.0080098 0.008390132 0.008390132 0.008807032 0.007661428 0 0 0 0 0 0 0 0
>chr5:144189900-144190050 9 scaledmin = 0.1 scaledmax = 0.9
0.009484549 0.009088056 0.01038666 0.00991582 0.01090276 0.01090276 0.00991582 0.01038666 0.01038666 0.01090276 0.00991582 0.00806972 0.009088056 0.01566272 0.008383834 0.009484549 0.01090276 0.01090276 0.00991582 0.01038666 0.00991582 0.01038666 0.011471 0.01090276 0.01038666 0.01090276 0.00991582 0.011471 0.01090276 0.01038666 0.007010812 0.01373561 0.01432428 0.02385379 0.005058344 0.01539031 0.006284332 0.01092128 0.007504733 0.00991582 0.01038666 0.011471 0.011471 0.01090276 0.009088056 0.01090276 0.01090276 0.01038666 0.02681126 0.011471 0.01090276 0.01038666 0.01038666 0.00991582 0.00991582 0.009088056 0.00991582 0.009484549 0.00991582 0.01090276 0.00991582 0.01038666 0.00991582 0.007777418 0.009088056 0.01090276 0.009484549 0.008722298 0.009484549 0.01090276 0.011471 0.011471 0.01090276 0.01090276 0.011471 0.011471 0.011471 0.011471 0.011471 0.01090276 0.011471 0.00991582 0.01090276 0.01038666 0.01038666 0.00991582 0.011471 0.01038666 0.00991582 0.01038666 0.00991582 0.00991582 0 0 0 0 0 0 0 0
>chr5:151094150-151094300 9 scaledmin = 0.1 scaledmax = 0.9
0.009236224 0.01007748 0.0235497 0.01108052 0.01055599 0.01007748 0.008520521 0.008520521 0.01055599 0.01108052 0.00963918 0.01055599 0.01007748 0.01108052 0.01007748 0.009236224 0.008864502 0.009236224 0.01007748 0.009236224 0.009236224 0.01007748 0.008864502 0.01007748 0.01755139 0.008864502 0.01669571 0.0184975 0.005775724 0.005937896 0.005621701 0.008864502 0.006897081 0.006108882 0.005621701 0.008520521 0.007125113 0.00963918 0.008864502 0.009236224 0.01055599 0.01007748 0.009236224 0.01055599 0.01007748 0.01055599 0.01108052 0.01165801 0.01108052 0.01007748 0.008864502 0.008520521 0.007367951 0.00628942 0.008520521 0.007367951 0.005937896 0.01156795 0.008286964 0.01040831 0.02125294 0.02571749 0.03279714 0.01756985 0.009236224 0.008520521 0.006682542 0.01669571 0.008864502 0.01007748 0.00963918 0.01108052 0.0184975 0.008864502 0.01007748 0.00963918 0.01007748 0.01108052 0.01108052 0.01108052 0.01055599 0.01007748 0.01165801 0.01165801 0.01165801 0.01165801 0.01165801 0.01007748 0.009236224 0.01007748 0.00963918 0.01055599 0 0 0 0 0 0 0 0
>chr5:160467700-160468200 9 scaledmin = 0.1 scaledmax = 0.9
0.01121272 0.01121272 0.01010354 0.01063012 0.008421863 0.008789291 0.01121272 0.01010354 0.008789291 0.00962527 0.00962527 0.01063012 0.01063012 0.01063012 0.01063012 0.01121272 0.01121272 0.01063012 0.01121272 0.02484588 0.02303851 0.02303851 0.02484588 0.01121272 0.01121272 0.01010354 0.01063012 0.009188948 0.009188948 0.00962527 0.00962527 0.01010354 0.009188948 0.00962527 0.008789291 0.01010354 0.00962527 0.007769264 0.00962527 0.007478175 0.007769264 0.008789291 0.009188948 0.01010354 0.009188948 0.006954605 0.007769264 0.007207301 0.008789291 0.008082917 0.008082917 0.009188948 0.00962527 0.009188948 0.009188948 0.00962527 0.01010354 0.00962527 0.01010354 0.009188948 0.01063012 0.01063012 0.01063012 0.00962527 0.009188948 0.009188948 0.00962527 0.009188948 0.009188948 0.00962527 0.01010354 0.01063012 0.02303851 0.008789291 0.01010354 0.00962527 0.01010354 0.007207301 0.00962527 0.00962527 0.01063012 0.02303851 0.02147331 0.01063012 0.00962527 0.01010354 0.01063012 0.01063012 0.01010354 0.008789291 0.01063012 0.01010354 0 0 0 0 0 0 0 0
>chr5:179819100-179819200 9 scaledmin = 0.1 scaledmax = 0.9
0.0108001 0.0108001 0.01136298 0.01136298 0.01028885 0.01306813 0.01251637 0.007993732 0.01306813 0.009002479 0.009395238 0.009822448 0.0108001 0.01028885 0.01136298 0.01136298 0.01028885 0.009822448 0.01136298 0.01028885 0.008304888 0.009002479 0.006944795 0.01136298 0.0108001 0.009822448 0.009822448 0.009822448 0.0108001 0.009002479 0.01710721 0.009395238 0.01028885 0.0108001 0.01136298 0.0108001 0.01028885 0.01028885 0.009002479 0.01802938 0.02149073 0.009395238 0.02149073 0.008304888 0.009002479 0.006513425 0.006513425 0.006722534 0.007434065 0.01028885 0.01136298 0.01136298 0.01136298 0.0108001 0.008304888 0.0148234 0.009002479 0.007993732 0.006722534 0.008640165 0.009822448 0.009395238 0.006722534 0.005787624 0.007704182 0.01054721 0.01766818 0.01136298 0.01136298 0.0108001 0.007704182 0.02149073 0.01802938 0.008304888 0.009395238 0.01028885 0.0108001 0.01136298 0.01136298 0.0108001 0.009395238 0.0108001 0.01136298 0.0108001 0.01198574 0.01198574 0.009395238 0.01198574 0.01136298 0.01028885 0.009395238 0.009822448 0 0 0 0 0 0 0 0
>chr6:12013150-12013350 9 scaledmin = 0.1 scaledmax = 0.9
0.01037229 0.009471428 0.009902103 0.01088768 0.008710232 0.008058557 0.009075484 0.01088768 0.02482652 0.02185717 0.009985386 0.008432442 0.008895494 0.006566245 0.01037229 0.009471428 0.02036443 0.02036443 0.009902103 0.009902103 0.009471428 0.01088768 0.01037229 0.01145513 0.01145513 0.01145513 0.01145513 0.01088768 0.01088768 0.01145513 0.01037229 0.01088768 0.01088768 0.01088768 0.01088768 0.02036443 0.01037229 0.009902103 0.01037229 0.01088768 0.009471428 0.009902103 0.009075484 0.009902103 0.009902103 0.01037229 0.01088768 0.01088768 0.01145513 0.01088768 0.01145513 0.009471428 0.006002568 0.007001113 0.006179964 0.009471428 0.009471428 0.006566245 0.003314906 0.002992855 0.003899139 0.006324535 0.006002568 0.04399915 0.01781146 0.02861256 0.007239726 0.00677705 0.008372237 0.008710232 0.009902103 0.008372237 0.007766659 0.008058557 0.009471428 0.007494351 0.009902103 0.009902103 0.007766659 0.008710232 0.01088768 0.01037229 0.01037229 0.01088768 0.01037229 0.009471428 0.008058557 0.008710232 0.01037229 0.01037229 0.01088768 0.01037229 0 0 0 0 0 0 0 0
>chr6:137873500-137873700 9 scaledmin = 0.1 scaledmax = 0.9
0.01589112 0.008496058 0.007726976 0.006533165 0.005649425 0.01858824 0.1066625 0.02054801 0.01034719 0.01304685 0.01678439 0.01940203 0.0746753 0.007081935 0.01280154 0.007390905 0.007726976 0.008496058 0.008496058 0.008093879 0.00893886 0.008093879 0.008496058 0.008496058 0.008496058 0.007726976 0.004822454 0.01220529 0.006060611 0.008008662 0.003892008 0.01589112 0.008093879 0.008496058 0.00893886 0.00893886 0.008496058 0.00893886 0.00893886 0.00893886 0.00893886 0.008093879 0.008093879 0.00893886 0.008093879 0.008496058 0.007726976 0.008496058 0.00893886 0.008496058 0.008496058 0.00893886 0.008496058 0.008496058 0.008093879 0.008093879 0.008093879 0.008093879 0.006533165 0.006060611 0.0036251 0.003892008 0.01028024 0.006796916 0.008093879 0.008093879 0.00893886 0.00893886 0.00893886 0.009428765 0.00893886 0.00893886 0.007726976 0.008496058 0.008496058 0.009428765 0.00893886 0.016906 0.006060611 0.006796916 0.005649425 0.01028024 0.007726976 0.006796916 0.007726976 0.008496058 0.009428765 0.008496058 0.009428765 0.009428765 0.00893886 0.00893886 0 0 0 0 0 0 0 0
>chr6:17705950-17706150 9 scaledmin = 0.1 scaledmax = 0.9
0.01789009 0.009825193 0.009825193 0.01188299 0.01129434 0.01027195 0.00941446 0.01027195 0.00835955 0.009825193 0.01129434 0.008684946 0.01789009 0.00941446 0.00805675 0.0107597 0.01027195 0.009825193 0.007030178 0.00543873 0.005050338 0.02826252 0.02968126 0.01847673 0.01064642 0.01005142 0.01103721 0.005307745 0.003028328 0.005208944 0.007226919 0.01068392 0.02112505 0.01422893 0.01701789 0.009035566 0.008684946 0.0107597 0.0107597 0.00835955 0.005887181 0.009035566 0.02112505 0.01027195 0.009825193 0.00805675 0.007510135 0.007510135 0.006226768 0.004606762 0.004062814 0.006605387 0.00726261 0.007774271 0.01027195 0.00941446 0.01188299 0.01188299 0.009035566 0.01129434 0.01188299 0.0107597 0.0107597 0.00941446 0.00941446 0.007510135 0.005303216 0.007510135 0.01188299 0.01188299 0.01129434 0.02247421 0.02247421 0.01188299 0.01188299 0.01129434 0.01188299 0.01188299 0.01188299 0.01129434 0.01188299 0.01188299 0.009035566 0.009035566 0.0107597 0.009825193 0.01550176 0.007510135 0.008684946 0.00835955 0.008684946 0.006811499 0 0 0 0 0 0 0 0
>chr6:3209550-3209700 9 scaledmin = 0.1 scaledmax = 0.9
0.01047015 0.008792413 0.009995529 0.01156321 0.01156321 0.009995529 0.009560791 0.01047015 0.0109904 0.009995529 0.008134589 0.01047015 0.0109904 0.0109904 0.0109904 0.01156321 0.0109904 0.0109904 0.0109904 0.0109904 0.0109904 0.01156321 0.01156321 0.01156321 0.01156321 0.01047015 0.0109904 0.009995529 0.008451229 0.009995529 0.008792413 0.007565061 0.007308032 0.008451229 0.007067169 0.005575983 0.008451229 0.005889607 0.01578862 0.008792413 0.009995529 0.008792413 0.009995529 0.01047015 0.01047015 0.009995529 0.01589072 0.005160503 0.006840992 0.01156321 0.0109904 0.009161111 0.009560791 0.0109904 0.0109904 0.009995529 0.008792413 0.008451229 0.006059202 0.008792413 0.007839937 0.009161111 0.009995529 0.009161111 0.01047015 0.01047015 0.009560791 0.01156321 0.0109904 0.0109904 0.01156321 0.01047015 0.009995529 0.009161111 0.01047015 0.009560791 0.009161111 0.0109904 0.01156321 0.009560791 0.009560791 0.0217121 0.01687726 0.01238366 0.03611176 0.0358037 0.009161111 0.01156321 0.009995529 0.008792413 0.009995529 0.005728754 0 0 0 0 0 0 0 0
>chr7:106425050-106425250 9 scaledmin = 0.1 scaledmax = 0.9
0.01008767 0.01008767 0.01058892 0.009211527 0.009211527 0.009630384 0.01008767 0.01008767 0.01008767 0.009630384 0.01114079 0.01058892 0.01008767 0.009630384 0.007837425 0.009211527 0.008826448 0.01008767 0.01595498 0.008471219 0.01980562 0.01058892 0.007837425 0.01008767 0.008826448 0.009211527 0.01008767 0.01114079 0.01058892 0.01058892 0.01114079 0.01114079 0.01008767 0.009630384 0.009630384 0.01058892 0.01058892 0.01058892 0.009211527 0.02107051 0.01058892 0.009630384 0.009211527 0.01114079 0.009630384 0.009630384 0.01058892 0.009211527 0.007288702 0.009211527 0.01114079 0.01114079 0.01008767 0.01008767 0.01114079 0.01114079 0.01114079 0.01114079 0.01114079 0.01058892 0.009630384 0.01114079 0.01058892 0.008826448 0.008471219 0.006386064 0.01056763 0.01060691 0.006103431 0.01494728 0.004912735 0.01384544 0.01856356 0.007288702 0.01175138 0.01058892 0.01175138 0.01175138 0.01175138 0.01114079 0.01175138 0.01175138 0.009630384 0.01175138 0.02414527 0.01008767 0.01114079 0.01175138 0.01008767 0.01175138 0.01175138 0.01114079 0 0 0 0 0 0 0 0
>chr7:155815350-155815550 9 scaledmin = 0.1 scaledmax = 0.9
0.007799035 0.007006574 0.01274984 0.008102614 0.006354783 0.01053705 0.009583211 0.009166406 0.006354783 0.01053705 0.01003825 0.009583211 0.008429724 0.006354783 0.01274984 0.008783213 0.008783213 0.009166406 0.01108622 0.01169382 0.01169382 0.01108622 0.01169382 0.01053705 0.01169382 0.01108622 0.01053705 0.01003825 0.01003825 0.008783213 0.009166406 0.008783213 0.009583211 0.008429724 0.009166406 0.009583211 0.01669055 0.008102614 0.009166406 0.008429724 0.007006574 0.007516538 0.01053705 0.01108622 0.01053705 0.01108622 0.01108622 0.01108622 0.009583211 0.01003825 0.01053705 0.01108622 0.01108622 0.01108622 0.01108622 0.01053705 0.01003825 0.009583211 0.01003825 0.01053705 0.01108622 0.01108622 0.01108622 0.01003825 0.009166406 0.009583211 0.009583211 0.01181257 0.03955448 0.008379194 0.01055495 0.01051587 0.007490879 0.009377464 0.006354783 0.008783213 0.01513734 0.01108622 0.01053705 0.01003825 0.01003825 0.01003825 0.009583211 0.02115327 0.009166406 0.01053705 0.024027 0.024027 0.01003825 0.01053705 0.01053705 0.01003825 0 0 0 0 0 0 0 0
>chr7:26156450-26156600 9 scaledmin = 0.1 scaledmax = 0.9
0.006202051 0.00724721 0.005084798 0.003190839 0.004934998 0.00724721 0.00828277 0.008694335 0.00724721 0.006955539 0.007563391 0.00828277 0.00724721 0.009147471 0.006435145 0.00418671 0.009147471 0.009147471 0.009147471 0.009147471 0.008694335 0.007907305 0.008694335 0.009147471 0.009147471 0.008694335 0.007563391 0.007563391 0.007563391 0.007907305 0.006955539 0.006435145 0.01451408 0.006435145 0.007563391 0.007907305 0.00724721 0.006435145 0.008694335 0.00724721 0.00724721 0.007907305 0.01377171 0.02297781 0.07641804 0.01985483 0.0171761 0.01335133 0.01058867 0.02102755 0.1091517 0.002434519 0.004913309 0.01011911 0.005084798 0.005084798 0.00724721 0.01847829 0.009147471 0.008694335 0.009147471 0.009147471 0.009147471 0.009147471 0.008694335 0.009147471 0.01626197 0.007907305 0.006955539 0.005084798 0.006435145 0.00828277 0.008694335 0.00828277 0.008694335 0.009147471 0.00828277 0.007563391 0.006955539 0.01533927 0.0131003 0.01451408 0.006202051 0.006685633 0.006955539 0.00828277 0.0131003 0.007907305 0.009147471 0.00828277 0.009147471 0.008694335 0 0 0 0 0 0 0 0
>chr8:23074750-23074950 9 scaledmin = 0.1 scaledmax = 0.9
0.01065789 0.01017476 0.008950074 0.009325383 0.01469835 0.02781177 0.02245902 0.009669216 0.007193894 0.008602772 0.008280454 0.01118748 0.01017476 0.01017476 0.009325383 0.01017476 0.01065789 0.01065789 0.01065789 0.01065789 0.00973223 0.01017476 0.008950074 0.007700713 0.007439076 0.005675969 0.005675969 0.006233682 0.009606985 0.006448442 0.009956316 0.008280454 0.008602772 0.01118748 0.01118748 0.01177055 0.01118748 0.01065789 0.01065789 0.009325383 0.009325383 0.009669216 0.004563175 0.008896425 0.007980519 0.00973223 0.008602772 0.008950074 0.007439076 0.008950074 0.007193894 0.008280454 0.008280454 0.007193894 0.008950074 0.01118748 0.01017476 0.008280454 0.007980519 0.008950074 0.01065789 0.01118748 0.01118748 0.01065789 0.01118748 0.01177055 0.01017476 0.01065789 0.0452107 0.008280454 0.008950074 0.01065789 0.00973223 0.01065789 0.01118748 0.01241565 0.008950074 0.008602772 0.009325383 0.01241565 0.01177055 0.009325383 0.008280454 0.008602772 0.01118748 0.01118748 0.02377703 0.02092518 0.02092518 0.01065789 0.01118748 0.01017476 0 0 0 0 0 0 0 0
>chr9:131729450-131729700 9 scaledmin = 0.1 scaledmax = 0.9
0.01201721 0.01201721 0.01201721 0.01201721 0.01201721 0.01142192 0.01201721 0.01201721 0.01038798 0.01088124 0.01088124 0.01142192 0.01201721 0.01088124 0.01142192 0.01088124 0.01201721 0.008453978 0.00878305 0.01038798 0.00878305 0.007344648 0.01567687 0.0108046 0.01187848 0.005363121 0.004873508 0.002869175 0.0053677 0.003062536 0.004987893 0.006680001 0.006680001 0.00878305 0.008147758 0.007344648 0.007862088 0.01038798 0.00878305 0.01016496 0.01868544 0.007344648 0.01809218 0.00878305 0.007594968 0.01640853 0.01038798 0.01142192 0.01038798 0.01088124 0.01201721 0.01142192 0.01088124 0.01201721 0.01142192 0.01201721 0.01088124 0.009936177 0.02136368 0.01038798 0.009936177 0.00913763 0.01088124 0.00913763 0.00878305 0.01088124 0.009936177 0.007862088 0.01088124 0.009936177 0.009936177 0.009936177 0.007594968 0.01201721 0.01201721 0.01142192 0.01201721 0.01142192 0.01201721 0.01142192 0.01142192 0.01142192 0.01142192 0.01038798 0.01088124 0.01142192 0.02272808 0.00913763 0.0242753 0.01038798 0.01038798 0.01088124 0 0 0 0 0 0 0 0
>chr9:136882600-136882750 9 scaledmin = 0.1 scaledmax = 0.9
0.01567813 0.009463275 0.008001207 0.007701429 0.01648166 0.007701429 0.008001207 0.006918886 0.007701429 0.008324224 0.01494789 0.01094748 0.01094748 0.02211438 0.02070489 0.009051687 0.009912622 0.009051687 0.009912622 0.01040517 0.009051687 0.008324224 0.008324224 0.008673289 0.008001207 0.008324224 0.007162227 0.01648166 0.01094748 0.01040517 0.01094748 0.01094748 0.01040517 0.01094748 0.009912622 0.009912622 0.009260102 0.01367054 0.01166473 0.006476714 0.01648166 0.01737011 0.009912622 0.009463275 0.009463275 0.01094748 0.01040517 0.009463275 0.01648166 0.01648166 0.009051687 0.009051687 0.009051687 0.007162227 0.003742961 0.007615897 0.006300916 0.004766566 0.00415218 0.006476714 0.005141521 0.006476714 0.01367054 0.01737011 0.007701429 0.01040517 0.009051687 0.009912622 0.009463275 0.009912622 0.01094748 0.01094748 0.01094748 0.008673289 0.009463275 0.008673289 0.01040517 0.01835768 0.008673289 0.009463275 0.02070489 0.01648166 0.009463275 0.009051687 0.01259027 0.02311643 0.006476714 0.007701429 0.009051687 0.02070489 0.009463275 0.01737011 0 0 0 0 0 0 0 0
>chr9:136902500-136902650 9 scaledmin = 0.1 scaledmax = 0.9
0.008331655 0.00778331 0.006870418 0.005683435 0.011101 0.008634386 0.01100841 0.01153113 0.0121041 0.0121041 0.01273495 0.01153113 0.0121041 0.0121041 0.01273495 0.01273495 0.01273495 0.01273495 0.01273495 0.01273495 0.01273495 0.01273495 0.01052962 0.008958895 0.007299856 0.008331655 0.02020625 0.01153113 0.01153113 0.0121041 0.0121041 0.009683379 0.01008944 0.01100841 0.01008944 0.009307621 0.009683379 0.0121041 0.008048581 0.008048581 0.007078967 0.01423736 0.00680035 0.005337477 0.004655528 0.01089737 0.005828665 0.009683379 0.01738854 0.01464597 0.01008944 0.01008944 0.01153113 0.01100841 0.009683379 0.01100841 0.0121041 0.01153113 0.01052962 0.01052962 0.0121041 0.0121041 0.0121041 0.01100841 0.01153113 0.01052962 0.009307621 0.008048581 0.009307621 0.008048581 0.01144991 0.006309268 0.00444223 0.01423736 0.00680035 0.005337477 0.004655528 0.01089737 0.008048581 0.01008944 0.02408552 0.008331655 0.008048581 0.008048581 0.009307621 0.02263964 0.02020625 0.01052962 0.01100841 0.01008944 0.01153113 0.0121041 0 0 0 0 0 0 0 0
>chr9:93134550-93134700 9 scaledmin = 0.1 scaledmax = 0.9
0.01972933 0.04920767 0.007426452 0.008442656 0.009766785 0.009766785 0.00928297 0.009766785 0.00928297 0.00928297 0.009766785 0.009766785 0.008843541 0.008843541 0.00928297 0.008075457 0.009766785 0.009766785 0.00928297 0.009766785 0.009766785 0.00928297 0.01972933 0.009766785 0.008075457 0.00928297 0.00928297 0.009766785 0.008843541 0.00773787 0.008843541 0.009766785 0.008843541 0.009766785 0.008843541 0.00928297 0.007138273 0.008843541 0.00928297 0.00928297 0.008843541 0.007189605 0.01003664 0.005117864 0.006507853 0.007797849 0.0112324 0.01549673 0.03751422 0.01518627 0.02439543 0.008442656 0.01470411 0.007138273 0.006389777 0.008843541 0.008442656 0.00928297 0.009766785 0.009766785 0.009766785 0.00928297 0.009766785 0.00928297 0.01847185 0.01637779 0.00773787 0.006356383 0.01470411 0.01736296 0.008843541 0.00928297 0.008843541 0.008843541 0.008843541 0.008442656 0.009766785 0.009766785 0.009766785 0.009766785 0.00928297 0.00928297 0.009766785 0.00928297 0.008843541 0.008442656 0.008075457 0.008843541 0.01080421 0.01637779 0.00928297 0.008843541 0 0 0 0 0 0 0 0
